# This pad file is for the IFX 2SBaby sensor for the 8-inch runs

Campaign: Infineon 8-inch SensorBaby					
Creator: Dominic Bloech 21.12.2017
				
reference pad: 1			
reference pad: 254 					
reference pad: 127			

pad strip	x	y	z
1	1	0	0	0	
2	2	90	0	0	 
3	3	180	0	0	 
4	4	270	0	0	 
5	5	360	0	0	 
6	6	450	0	0	 
7	7	540	0	0	 
8	8	630	0	0	 
9	9	720	0	0	 
10	10	810	0	0	 
11	11	900	0	0	 
12	12	990	0	0	 
13	13	1080	0	0	 
14	14	1170	0	0	 
15	15	1260	0	0	 
16	16	1350	0	0	 
17	17	1440	0	0	 
18	18	1530	0	0	 
19	19	1620	0	0	 
20	20	1710	0	0	 
21	21	1800	0	0	 
22	22	1890	0	0	 
23	23	1980	0	0	 
24	24	2070	0	0	 
25	25	2160	0	0	 
26	26	2250	0	0	 
27	27	2340	0	0	 
28	28	2430	0	0	 
29	29	2520	0	0	 
30	30	2610	0	0	 
31	31	2700	0	0	 
32	32	2790	0	0	 
33	33	2880	0	0	 
34	34	2970	0	0	 
35	35	3060	0	0	 
36	36	3150	0	0	 
37	37	3240	0	0	 
38	38	3330	0	0	 
39	39	3420	0	0	 
40	40	3510	0	0	 
41	41	3600	0	0	 
42	42	3690	0	0	 
43	43	3780	0	0	 
44	44	3870	0	0	 
45	45	3960	0	0	 
46	46	4050	0	0	 
47	47	4140	0	0	 
48	48	4230	0	0	 
49	49	4320	0	0	 
50	50	4410	0	0	 
51	51	4500	0	0	 
52	52	4590	0	0	 
53	53	4680	0	0	 
54	54	4770	0	0	 
55	55	4860	0	0	 
56	56	4950	0	0	 
57	57	5040	0	0	 
58	58	5130	0	0	 
59	59	5220	0	0	 
60	60	5310	0	0	 
61	61	5400	0	0	 
62	62	5490	0	0	 
63	63	5580	0	0	 
64	64	5670	0	0	 
65	65	5760	0	0	 
66	66	5850	0	0	 
67	67	5940	0	0	 
68	68	6030	0	0	 
69	69	6120	0	0	 
70	70	6210	0	0	 
71	71	6300	0	0	 
72	72	6390	0	0	 
73	73	6480	0	0	 
74	74	6570	0	0	 
75	75	6660	0	0	 
76	76	6750	0	0	 
77	77	6840	0	0	 
78	78	6930	0	0	 
79	79	7020	0	0	 
80	80	7110	0	0	 
81	81	7200	0	0	 
82	82	7290	0	0	 
83	83	7380	0	0	 
84	84	7470	0	0	 
85	85	7560	0	0	 
86	86	7650	0	0	 
87	87	7740	0	0	 
88	88	7830	0	0	 
89	89	7920	0	0	 
90	90	8010	0	0	 
91	91	8100	0	0	 
92	92	8190	0	0	 
93	93	8280	0	0	 
94	94	8370	0	0	 
95	95	8460	0	0	 
96	96	8550	0	0	 
97	97	8640	0	0	 
98	98	8730	0	0	 
99	99	8820	0	0	 
100	100	8910	0	0	 
101	101	9000	0	0	 
102	102	9090	0	0	 
103	103	9180	0	0	 
104	104	9270	0	0	 
105	105	9360	0	0	 
106	106	9450	0	0	 
107	107	9540	0	0	 
108	108	9630	0	0	 
109	109	9720	0	0	 
110	110	9810	0	0	 
111	111	9900	0	0	 
112	112	9990	0	0	 
113	113	10080	0	0	 
114	114	10170	0	0	 
115	115	10260	0	0	 
116	116	10350	0	0	 
117	117	10440	0	0	 
118	118	10530	0	0	 
119	119	10620	0	0	 
120	120	10710	0	0	 
121	121	10800	0	0	 
122	122	10890	0	0	 
123	123	10980	0	0	 
124	124	11070	0	0	 
125	125	11160	0	0	 
126	126	11250	0	0	 
127	127	11340	0	0	 
128	128	11430	0	0	 
129	129	11520	0	0	 
130	130	11610	0	0	 
131	131	11700	0	0	 
132	132	11790	0	0	 
133	133	11880	0	0	 
134	134	11970	0	0	 
135	135	12060	0	0	 
136	136	12150	0	0	 
137	137	12240	0	0	 
138	138	12330	0	0	 
139	139	12420	0	0	 
140	140	12510	0	0	 
141	141	12600	0	0	 
142	142	12690	0	0	 
143	143	12780	0	0	 
144	144	12870	0	0	 
145	145	12960	0	0	 
146	146	13050	0	0	 
147	147	13140	0	0	 
148	148	13230	0	0	 
149	149	13320	0	0	 
150	150	13410	0	0	 
151	151	13500	0	0	 
152	152	13590	0	0	 
153	153	13680	0	0	 
154	154	13770	0	0	 
155	155	13860	0	0	 
156	156	13950	0	0	 
157	157	14040	0	0	 
158	158	14130	0	0	 
159	159	14220	0	0	 
160	160	14310	0	0	 
161	161	14400	0	0	 
162	162	14490	0	0	 
163	163	14580	0	0	 
164	164	14670	0	0	 
165	165	14760	0	0	 
166	166	14850	0	0	 
167	167	14940	0	0	 
168	168	15030	0	0	 
169	169	15120	0	0	 
170	170	15210	0	0	 
171	171	15300	0	0	 
172	172	15390	0	0	 
173	173	15480	0	0	 
174	174	15570	0	0	 
175	175	15660	0	0	 
176	176	15750	0	0	 
177	177	15840	0	0	 
178	178	15930	0	0	 
179	179	16020	0	0	 
180	180	16110	0	0	 
181	181	16200	0	0	 
182	182	16290	0	0	 
183	183	16380	0	0	 
184	184	16470	0	0	 
185	185	16560	0	0	 
186	186	16650	0	0	 
187	187	16740	0	0	 
188	188	16830	0	0	 
189	189	16920	0	0	 
190	190	17010	0	0	 
191	191	17100	0	0	 
192	192	17190	0	0	 
193	193	17280	0	0	 
194	194	17370	0	0	 
195	195	17460	0	0	 
196	196	17550	0	0	 
197	197	17640	0	0	 
198	198	17730	0	0	 
199	199	17820	0	0	 
200	200	17910	0	0	 
201	201	18000	0	0	 
202	202	18090	0	0	 
203	203	18180	0	0	 
204	204	18270	0	0	 
205	205	18360	0	0	 
206	206	18450	0	0	 
207	207	18540	0	0	 
208	208	18630	0	0	 
209	209	18720	0	0	 
210	210	18810	0	0	 
211	211	18900	0	0	 
212	212	18990	0	0	 
213	213	19080	0	0	 
214	214	19170	0	0	 
215	215	19260	0	0	 
216	216	19350	0	0	 
217	217	19440	0	0	 
218	218	19530	0	0	 
219	219	19620	0	0	 
220	220	19710	0	0	 
221	221	19800	0	0	 
222	222	19890	0	0	 
223	223	19980	0	0	 
224	224	20070	0	0	 
225	225	20160	0	0	 
226	226	20250	0	0	 
227	227	20340	0	0	 
228	228	20430	0	0	 
229	229	20520	0	0	 
230	230	20610	0	0	 
231	231	20700	0	0	 
232	232	20790	0	0	 
233	233	20880	0	0	 
234	234	20970	0	0	 
235	235	21060	0	0	 
236	236	21150	0	0	 
237	237	21240	0	0	 
238	238	21330	0	0	 
239	239	21420	0	0	 
240	240	21510	0	0	 
241	241	21600	0	0	 
242	242	21690	0	0	 
243	243	21780	0	0	 
244	244	21870	0	0	 
245	245	21960	0	0	 
246	246	22050	0	0	 
247	247	22140	0	0	 
248	248	22230	0	0	 
249	249	22320	0	0	 
250	250	22410	0	0	 
251	251	22500	0	0	 
252	252	22590	0	0	 
253	253	22680	0	0	 
254	254	22770	0	0 
