# This pad file is for the IFX 2S sensor for the 8-inch runs

Campaign: Infineon 8-inch 2S					
Creator: Dominic Bloech 11.1.2018
				
reference pad: 1			
reference pad: 1016					
reference pad: 1017			

pad strip	x	y	z
1	1	0	0	0	10000
2	2	-90	0	0	10000
3	3	-180	0	0	10000
4	4	-270	0	0	10000
5	5	-360	0	0	10000
6	6	-450	0	0	10000
7	7	-540	0	0	10000
8	8	-630	0	0	10000
9	9	-720	0	0	10000
10	10	-810	0	0	10000
11	11	-900	0	0	10000
12	12	-990	0	0	10000
13	13	-1080	0	0	10000
14	14	-1170	0	0	10000
15	15	-1260	0	0	10000
16	16	-1350	0	0	10000
17	17	-1440	0	0	10000
18	18	-1530	0	0	10000
19	19	-1620	0	0	10000
20	20	-1710	0	0	10000
21	21	-1800	0	0	10000
22	22	-1890	0	0	10000
23	23	-1980	0	0	10000
24	24	-2070	0	0	10000
25	25	-2160	0	0	10000
26	26	-2250	0	0	10000
27	27	-2340	0	0	10000
28	28	-2430	0	0	10000
29	29	-2520	0	0	10000
30	30	-2610	0	0	10000
31	31	-2700	0	0	10000
32	32	-2790	0	0	10000
33	33	-2880	0	0	10000
34	34	-2970	0	0	10000
35	35	-3060	0	0	10000
36	36	-3150	0	0	10000
37	37	-3240	0	0	10000
38	38	-3330	0	0	10000
39	39	-3420	0	0	10000
40	40	-3510	0	0	10000
41	41	-3600	0	0	10000
42	42	-3690	0	0	10000
43	43	-3780	0	0	10000
44	44	-3870	0	0	10000
45	45	-3960	0	0	10000
46	46	-4050	0	0	10000
47	47	-4140	0	0	10000
48	48	-4230	0	0	10000
49	49	-4320	0	0	10000
50	50	-4410	0	0	10000
51	51	-4500	0	0	10000
52	52	-4590	0	0	10000
53	53	-4680	0	0	10000
54	54	-4770	0	0	10000
55	55	-4860	0	0	10000
56	56	-4950	0	0	10000
57	57	-5040	0	0	10000
58	58	-5130	0	0	10000
59	59	-5220	0	0	10000
60	60	-5310	0	0	10000
61	61	-5400	0	0	10000
62	62	-5490	0	0	10000
63	63	-5580	0	0	10000
64	64	-5670	0	0	10000
65	65	-5760	0	0	10000
66	66	-5850	0	0	10000
67	67	-5940	0	0	10000
68	68	-6030	0	0	10000
69	69	-6120	0	0	10000
70	70	-6210	0	0	10000
71	71	-6300	0	0	10000
72	72	-6390	0	0	10000
73	73	-6480	0	0	10000
74	74	-6570	0	0	10000
75	75	-6660	0	0	10000
76	76	-6750	0	0	10000
77	77	-6840	0	0	10000
78	78	-6930	0	0	10000
79	79	-7020	0	0	10000
80	80	-7110	0	0	10000
81	81	-7200	0	0	10000
82	82	-7290	0	0	10000
83	83	-7380	0	0	10000
84	84	-7470	0	0	10000
85	85	-7560	0	0	10000
86	86	-7650	0	0	10000
87	87	-7740	0	0	10000
88	88	-7830	0	0	10000
89	89	-7920	0	0	10000
90	90	-8010	0	0	10000
91	91	-8100	0	0	10000
92	92	-8190	0	0	10000
93	93	-8280	0	0	10000
94	94	-8370	0	0	10000
95	95	-8460	0	0	10000
96	96	-8550	0	0	10000
97	97	-8640	0	0	10000
98	98	-8730	0	0	10000
99	99	-8820	0	0	10000
100	100	-8910	0	0	10000
101	101	-9000	0	0	10000
102	102	-9090	0	0	10000
103	103	-9180	0	0	10000
104	104	-9270	0	0	10000
105	105	-9360	0	0	10000
106	106	-9450	0	0	10000
107	107	-9540	0	0	10000
108	108	-9630	0	0	10000
109	109	-9720	0	0	10000
110	110	-9810	0	0	10000
111	111	-9900	0	0	10000
112	112	-9990	0	0	10000
113	113	-10080	0	0	10000
114	114	-10170	0	0	10000
115	115	-10260	0	0	10000
116	116	-10350	0	0	10000
117	117	-10440	0	0	10000
118	118	-10530	0	0	10000
119	119	-10620	0	0	10000
120	120	-10710	0	0	10000
121	121	-10800	0	0	10000
122	122	-10890	0	0	10000
123	123	-10980	0	0	10000
124	124	-11070	0	0	10000
125	125	-11160	0	0	10000
126	126	-11250	0	0	10000
127	127	-11340	0	0	10000
128	128	-11430	0	0	10000
129	129	-11520	0	0	10000
130	130	-11610	0	0	10000
131	131	-11700	0	0	10000
132	132	-11790	0	0	10000
133	133	-11880	0	0	10000
134	134	-11970	0	0	10000
135	135	-12060	0	0	10000
136	136	-12150	0	0	10000
137	137	-12240	0	0	10000
138	138	-12330	0	0	10000
139	139	-12420	0	0	10000
140	140	-12510	0	0	10000
141	141	-12600	0	0	10000
142	142	-12690	0	0	10000
143	143	-12780	0	0	10000
144	144	-12870	0	0	10000
145	145	-12960	0	0	10000
146	146	-13050	0	0	10000
147	147	-13140	0	0	10000
148	148	-13230	0	0	10000
149	149	-13320	0	0	10000
150	150	-13410	0	0	10000
151	151	-13500	0	0	10000
152	152	-13590	0	0	10000
153	153	-13680	0	0	10000
154	154	-13770	0	0	10000
155	155	-13860	0	0	10000
156	156	-13950	0	0	10000
157	157	-14040	0	0	10000
158	158	-14130	0	0	10000
159	159	-14220	0	0	10000
160	160	-14310	0	0	10000
161	161	-14400	0	0	10000
162	162	-14490	0	0	10000
163	163	-14580	0	0	10000
164	164	-14670	0	0	10000
165	165	-14760	0	0	10000
166	166	-14850	0	0	10000
167	167	-14940	0	0	10000
168	168	-15030	0	0	10000
169	169	-15120	0	0	10000
170	170	-15210	0	0	10000
171	171	-15300	0	0	10000
172	172	-15390	0	0	10000
173	173	-15480	0	0	10000
174	174	-15570	0	0	10000
175	175	-15660	0	0	10000
176	176	-15750	0	0	10000
177	177	-15840	0	0	10000
178	178	-15930	0	0	10000
179	179	-16020	0	0	10000
180	180	-16110	0	0	10000
181	181	-16200	0	0	10000
182	182	-16290	0	0	10000
183	183	-16380	0	0	10000
184	184	-16470	0	0	10000
185	185	-16560	0	0	10000
186	186	-16650	0	0	10000
187	187	-16740	0	0	10000
188	188	-16830	0	0	10000
189	189	-16920	0	0	10000
190	190	-17010	0	0	10000
191	191	-17100	0	0	10000
192	192	-17190	0	0	10000
193	193	-17280	0	0	10000
194	194	-17370	0	0	10000
195	195	-17460	0	0	10000
196	196	-17550	0	0	10000
197	197	-17640	0	0	10000
198	198	-17730	0	0	10000
199	199	-17820	0	0	10000
200	200	-17910	0	0	10000
201	201	-18000	0	0	10000
202	202	-18090	0	0	10000
203	203	-18180	0	0	10000
204	204	-18270	0	0	10000
205	205	-18360	0	0	10000
206	206	-18450	0	0	10000
207	207	-18540	0	0	10000
208	208	-18630	0	0	10000
209	209	-18720	0	0	10000
210	210	-18810	0	0	10000
211	211	-18900	0	0	10000
212	212	-18990	0	0	10000
213	213	-19080	0	0	10000
214	214	-19170	0	0	10000
215	215	-19260	0	0	10000
216	216	-19350	0	0	10000
217	217	-19440	0	0	10000
218	218	-19530	0	0	10000
219	219	-19620	0	0	10000
220	220	-19710	0	0	10000
221	221	-19800	0	0	10000
222	222	-19890	0	0	10000
223	223	-19980	0	0	10000
224	224	-20070	0	0	10000
225	225	-20160	0	0	10000
226	226	-20250	0	0	10000
227	227	-20340	0	0	10000
228	228	-20430	0	0	10000
229	229	-20520	0	0	10000
230	230	-20610	0	0	10000
231	231	-20700	0	0	10000
232	232	-20790	0	0	10000
233	233	-20880	0	0	10000
234	234	-20970	0	0	10000
235	235	-21060	0	0	10000
236	236	-21150	0	0	10000
237	237	-21240	0	0	10000
238	238	-21330	0	0	10000
239	239	-21420	0	0	10000
240	240	-21510	0	0	10000
241	241	-21600	0	0	10000
242	242	-21690	0	0	10000
243	243	-21780	0	0	10000
244	244	-21870	0	0	10000
245	245	-21960	0	0	10000
246	246	-22050	0	0	10000
247	247	-22140	0	0	10000
248	248	-22230	0	0	10000
249	249	-22320	0	0	10000
250	250	-22410	0	0	10000
251	251	-22500	0	0	10000
252	252	-22590	0	0	10000
253	253	-22680	0	0	10000
254	254	-22770	0	0	10000
255	255	-22860	0	0	10000
256	256	-22950	0	0	10000
257	257	-23040	0	0	10000
258	258	-23130	0	0	10000
259	259	-23220	0	0	10000
260	260	-23310	0	0	10000
261	261	-23400	0	0	10000
262	262	-23490	0	0	10000
263	263	-23580	0	0	10000
264	264	-23670	0	0	10000
265	265	-23760	0	0	10000
266	266	-23850	0	0	10000
267	267	-23940	0	0	10000
268	268	-24030	0	0	10000
269	269	-24120	0	0	10000
270	270	-24210	0	0	10000
271	271	-24300	0	0	10000
272	272	-24390	0	0	10000
273	273	-24480	0	0	10000
274	274	-24570	0	0	10000
275	275	-24660	0	0	10000
276	276	-24750	0	0	10000
277	277	-24840	0	0	10000
278	278	-24930	0	0	10000
279	279	-25020	0	0	10000
280	280	-25110	0	0	10000
281	281	-25200	0	0	10000
282	282	-25290	0	0	10000
283	283	-25380	0	0	10000
284	284	-25470	0	0	10000
285	285	-25560	0	0	10000
286	286	-25650	0	0	10000
287	287	-25740	0	0	10000
288	288	-25830	0	0	10000
289	289	-25920	0	0	10000
290	290	-26010	0	0	10000
291	291	-26100	0	0	10000
292	292	-26190	0	0	10000
293	293	-26280	0	0	10000
294	294	-26370	0	0	10000
295	295	-26460	0	0	10000
296	296	-26550	0	0	10000
297	297	-26640	0	0	10000
298	298	-26730	0	0	10000
299	299	-26820	0	0	10000
300	300	-26910	0	0	10000
301	301	-27000	0	0	10000
302	302	-27090	0	0	10000
303	303	-27180	0	0	10000
304	304	-27270	0	0	10000
305	305	-27360	0	0	10000
306	306	-27450	0	0	10000
307	307	-27540	0	0	10000
308	308	-27630	0	0	10000
309	309	-27720	0	0	10000
310	310	-27810	0	0	10000
311	311	-27900	0	0	10000
312	312	-27990	0	0	10000
313	313	-28080	0	0	10000
314	314	-28170	0	0	10000
315	315	-28260	0	0	10000
316	316	-28350	0	0	10000
317	317	-28440	0	0	10000
318	318	-28530	0	0	10000
319	319	-28620	0	0	10000
320	320	-28710	0	0	10000
321	321	-28800	0	0	10000
322	322	-28890	0	0	10000
323	323	-28980	0	0	10000
324	324	-29070	0	0	10000
325	325	-29160	0	0	10000
326	326	-29250	0	0	10000
327	327	-29340	0	0	10000
328	328	-29430	0	0	10000
329	329	-29520	0	0	10000
330	330	-29610	0	0	10000
331	331	-29700	0	0	10000
332	332	-29790	0	0	10000
333	333	-29880	0	0	10000
334	334	-29970	0	0	10000
335	335	-30060	0	0	10000
336	336	-30150	0	0	10000
337	337	-30240	0	0	10000
338	338	-30330	0	0	10000
339	339	-30420	0	0	10000
340	340	-30510	0	0	10000
341	341	-30600	0	0	10000
342	342	-30690	0	0	10000
343	343	-30780	0	0	10000
344	344	-30870	0	0	10000
345	345	-30960	0	0	10000
346	346	-31050	0	0	10000
347	347	-31140	0	0	10000
348	348	-31230	0	0	10000
349	349	-31320	0	0	10000
350	350	-31410	0	0	10000
351	351	-31500	0	0	10000
352	352	-31590	0	0	10000
353	353	-31680	0	0	10000
354	354	-31770	0	0	10000
355	355	-31860	0	0	10000
356	356	-31950	0	0	10000
357	357	-32040	0	0	10000
358	358	-32130	0	0	10000
359	359	-32220	0	0	10000
360	360	-32310	0	0	10000
361	361	-32400	0	0	10000
362	362	-32490	0	0	10000
363	363	-32580	0	0	10000
364	364	-32670	0	0	10000
365	365	-32760	0	0	10000
366	366	-32850	0	0	10000
367	367	-32940	0	0	10000
368	368	-33030	0	0	10000
369	369	-33120	0	0	10000
370	370	-33210	0	0	10000
371	371	-33300	0	0	10000
372	372	-33390	0	0	10000
373	373	-33480	0	0	10000
374	374	-33570	0	0	10000
375	375	-33660	0	0	10000
376	376	-33750	0	0	10000
377	377	-33840	0	0	10000
378	378	-33930	0	0	10000
379	379	-34020	0	0	10000
380	380	-34110	0	0	10000
381	381	-34200	0	0	10000
382	382	-34290	0	0	10000
383	383	-34380	0	0	10000
384	384	-34470	0	0	10000
385	385	-34560	0	0	10000
386	386	-34650	0	0	10000
387	387	-34740	0	0	10000
388	388	-34830	0	0	10000
389	389	-34920	0	0	10000
390	390	-35010	0	0	10000
391	391	-35100	0	0	10000
392	392	-35190	0	0	10000
393	393	-35280	0	0	10000
394	394	-35370	0	0	10000
395	395	-35460	0	0	10000
396	396	-35550	0	0	10000
397	397	-35640	0	0	10000
398	398	-35730	0	0	10000
399	399	-35820	0	0	10000
400	400	-35910	0	0	10000
401	401	-36000	0	0	10000
402	402	-36090	0	0	10000
403	403	-36180	0	0	10000
404	404	-36270	0	0	10000
405	405	-36360	0	0	10000
406	406	-36450	0	0	10000
407	407	-36540	0	0	10000
408	408	-36630	0	0	10000
409	409	-36720	0	0	10000
410	410	-36810	0	0	10000
411	411	-36900	0	0	10000
412	412	-36990	0	0	10000
413	413	-37080	0	0	10000
414	414	-37170	0	0	10000
415	415	-37260	0	0	10000
416	416	-37350	0	0	10000
417	417	-37440	0	0	10000
418	418	-37530	0	0	10000
419	419	-37620	0	0	10000
420	420	-37710	0	0	10000
421	421	-37800	0	0	10000
422	422	-37890	0	0	10000
423	423	-37980	0	0	10000
424	424	-38070	0	0	10000
425	425	-38160	0	0	10000
426	426	-38250	0	0	10000
427	427	-38340	0	0	10000
428	428	-38430	0	0	10000
429	429	-38520	0	0	10000
430	430	-38610	0	0	10000
431	431	-38700	0	0	10000
432	432	-38790	0	0	10000
433	433	-38880	0	0	10000
434	434	-38970	0	0	10000
435	435	-39060	0	0	10000
436	436	-39150	0	0	10000
437	437	-39240	0	0	10000
438	438	-39330	0	0	10000
439	439	-39420	0	0	10000
440	440	-39510	0	0	10000
441	441	-39600	0	0	10000
442	442	-39690	0	0	10000
443	443	-39780	0	0	10000
444	444	-39870	0	0	10000
445	445	-39960	0	0	10000
446	446	-40050	0	0	10000
447	447	-40140	0	0	10000
448	448	-40230	0	0	10000
449	449	-40320	0	0	10000
450	450	-40410	0	0	10000
451	451	-40500	0	0	10000
452	452	-40590	0	0	10000
453	453	-40680	0	0	10000
454	454	-40770	0	0	10000
455	455	-40860	0	0	10000
456	456	-40950	0	0	10000
457	457	-41040	0	0	10000
458	458	-41130	0	0	10000
459	459	-41220	0	0	10000
460	460	-41310	0	0	10000
461	461	-41400	0	0	10000
462	462	-41490	0	0	10000
463	463	-41580	0	0	10000
464	464	-41670	0	0	10000
465	465	-41760	0	0	10000
466	466	-41850	0	0	10000
467	467	-41940	0	0	10000
468	468	-42030	0	0	10000
469	469	-42120	0	0	10000
470	470	-42210	0	0	10000
471	471	-42300	0	0	10000
472	472	-42390	0	0	10000
473	473	-42480	0	0	10000
474	474	-42570	0	0	10000
475	475	-42660	0	0	10000
476	476	-42750	0	0	10000
477	477	-42840	0	0	10000
478	478	-42930	0	0	10000
479	479	-43020	0	0	10000
480	480	-43110	0	0	10000
481	481	-43200	0	0	10000
482	482	-43290	0	0	10000
483	483	-43380	0	0	10000
484	484	-43470	0	0	10000
485	485	-43560	0	0	10000
486	486	-43650	0	0	10000
487	487	-43740	0	0	10000
488	488	-43830	0	0	10000
489	489	-43920	0	0	10000
490	490	-44010	0	0	10000
491	491	-44100	0	0	10000
492	492	-44190	0	0	10000
493	493	-44280	0	0	10000
494	494	-44370	0	0	10000
495	495	-44460	0	0	10000
496	496	-44550	0	0	10000
497	497	-44640	0	0	10000
498	498	-44730	0	0	10000
499	499	-44820	0	0	10000
500	500	-44910	0	0	10000
501	501	-45000	0	0	10000
502	502	-45090	0	0	10000
503	503	-45180	0	0	10000
504	504	-45270	0	0	10000
505	505	-45360	0	0	10000
506	506	-45450	0	0	10000
507	507	-45540	0	0	10000
508	508	-45630	0	0	10000
509	509	-45720	0	0	10000
510	510	-45810	0	0	10000
511	511	-45900	0	0	10000
512	512	-45990	0	0	10000
513	513	-46080	0	0	10000
514	514	-46170	0	0	10000
515	515	-46260	0	0	10000
516	516	-46350	0	0	10000
517	517	-46440	0	0	10000
518	518	-46530	0	0	10000
519	519	-46620	0	0	10000
520	520	-46710	0	0	10000
521	521	-46800	0	0	10000
522	522	-46890	0	0	10000
523	523	-46980	0	0	10000
524	524	-47070	0	0	10000
525	525	-47160	0	0	10000
526	526	-47250	0	0	10000
527	527	-47340	0	0	10000
528	528	-47430	0	0	10000
529	529	-47520	0	0	10000
530	530	-47610	0	0	10000
531	531	-47700	0	0	10000
532	532	-47790	0	0	10000
533	533	-47880	0	0	10000
534	534	-47970	0	0	10000
535	535	-48060	0	0	10000
536	536	-48150	0	0	10000
537	537	-48240	0	0	10000
538	538	-48330	0	0	10000
539	539	-48420	0	0	10000
540	540	-48510	0	0	10000
541	541	-48600	0	0	10000
542	542	-48690	0	0	10000
543	543	-48780	0	0	10000
544	544	-48870	0	0	10000
545	545	-48960	0	0	10000
546	546	-49050	0	0	10000
547	547	-49140	0	0	10000
548	548	-49230	0	0	10000
549	549	-49320	0	0	10000
550	550	-49410	0	0	10000
551	551	-49500	0	0	10000
552	552	-49590	0	0	10000
553	553	-49680	0	0	10000
554	554	-49770	0	0	10000
555	555	-49860	0	0	10000
556	556	-49950	0	0	10000
557	557	-50040	0	0	10000
558	558	-50130	0	0	10000
559	559	-50220	0	0	10000
560	560	-50310	0	0	10000
561	561	-50400	0	0	10000
562	562	-50490	0	0	10000
563	563	-50580	0	0	10000
564	564	-50670	0	0	10000
565	565	-50760	0	0	10000
566	566	-50850	0	0	10000
567	567	-50940	0	0	10000
568	568	-51030	0	0	10000
569	569	-51120	0	0	10000
570	570	-51210	0	0	10000
571	571	-51300	0	0	10000
572	572	-51390	0	0	10000
573	573	-51480	0	0	10000
574	574	-51570	0	0	10000
575	575	-51660	0	0	10000
576	576	-51750	0	0	10000
577	577	-51840	0	0	10000
578	578	-51930	0	0	10000
579	579	-52020	0	0	10000
580	580	-52110	0	0	10000
581	581	-52200	0	0	10000
582	582	-52290	0	0	10000
583	583	-52380	0	0	10000
584	584	-52470	0	0	10000
585	585	-52560	0	0	10000
586	586	-52650	0	0	10000
587	587	-52740	0	0	10000
588	588	-52830	0	0	10000
589	589	-52920	0	0	10000
590	590	-53010	0	0	10000
591	591	-53100	0	0	10000
592	592	-53190	0	0	10000
593	593	-53280	0	0	10000
594	594	-53370	0	0	10000
595	595	-53460	0	0	10000
596	596	-53550	0	0	10000
597	597	-53640	0	0	10000
598	598	-53730	0	0	10000
599	599	-53820	0	0	10000
600	600	-53910	0	0	10000
601	601	-54000	0	0	10000
602	602	-54090	0	0	10000
603	603	-54180	0	0	10000
604	604	-54270	0	0	10000
605	605	-54360	0	0	10000
606	606	-54450	0	0	10000
607	607	-54540	0	0	10000
608	608	-54630	0	0	10000
609	609	-54720	0	0	10000
610	610	-54810	0	0	10000
611	611	-54900	0	0	10000
612	612	-54990	0	0	10000
613	613	-55080	0	0	10000
614	614	-55170	0	0	10000
615	615	-55260	0	0	10000
616	616	-55350	0	0	10000
617	617	-55440	0	0	10000
618	618	-55530	0	0	10000
619	619	-55620	0	0	10000
620	620	-55710	0	0	10000
621	621	-55800	0	0	10000
622	622	-55890	0	0	10000
623	623	-55980	0	0	10000
624	624	-56070	0	0	10000
625	625	-56160	0	0	10000
626	626	-56250	0	0	10000
627	627	-56340	0	0	10000
628	628	-56430	0	0	10000
629	629	-56520	0	0	10000
630	630	-56610	0	0	10000
631	631	-56700	0	0	10000
632	632	-56790	0	0	10000
633	633	-56880	0	0	10000
634	634	-56970	0	0	10000
635	635	-57060	0	0	10000
636	636	-57150	0	0	10000
637	637	-57240	0	0	10000
638	638	-57330	0	0	10000
639	639	-57420	0	0	10000
640	640	-57510	0	0	10000
641	641	-57600	0	0	10000
642	642	-57690	0	0	10000
643	643	-57780	0	0	10000
644	644	-57870	0	0	10000
645	645	-57960	0	0	10000
646	646	-58050	0	0	10000
647	647	-58140	0	0	10000
648	648	-58230	0	0	10000
649	649	-58320	0	0	10000
650	650	-58410	0	0	10000
651	651	-58500	0	0	10000
652	652	-58590	0	0	10000
653	653	-58680	0	0	10000
654	654	-58770	0	0	10000
655	655	-58860	0	0	10000
656	656	-58950	0	0	10000
657	657	-59040	0	0	10000
658	658	-59130	0	0	10000
659	659	-59220	0	0	10000
660	660	-59310	0	0	10000
661	661	-59400	0	0	10000
662	662	-59490	0	0	10000
663	663	-59580	0	0	10000
664	664	-59670	0	0	10000
665	665	-59760	0	0	10000
666	666	-59850	0	0	10000
667	667	-59940	0	0	10000
668	668	-60030	0	0	10000
669	669	-60120	0	0	10000
670	670	-60210	0	0	10000
671	671	-60300	0	0	10000
672	672	-60390	0	0	10000
673	673	-60480	0	0	10000
674	674	-60570	0	0	10000
675	675	-60660	0	0	10000
676	676	-60750	0	0	10000
677	677	-60840	0	0	10000
678	678	-60930	0	0	10000
679	679	-61020	0	0	10000
680	680	-61110	0	0	10000
681	681	-61200	0	0	10000
682	682	-61290	0	0	10000
683	683	-61380	0	0	10000
684	684	-61470	0	0	10000
685	685	-61560	0	0	10000
686	686	-61650	0	0	10000
687	687	-61740	0	0	10000
688	688	-61830	0	0	10000
689	689	-61920	0	0	10000
690	690	-62010	0	0	10000
691	691	-62100	0	0	10000
692	692	-62190	0	0	10000
693	693	-62280	0	0	10000
694	694	-62370	0	0	10000
695	695	-62460	0	0	10000
696	696	-62550	0	0	10000
697	697	-62640	0	0	10000
698	698	-62730	0	0	10000
699	699	-62820	0	0	10000
700	700	-62910	0	0	10000
701	701	-63000	0	0	10000
702	702	-63090	0	0	10000
703	703	-63180	0	0	10000
704	704	-63270	0	0	10000
705	705	-63360	0	0	10000
706	706	-63450	0	0	10000
707	707	-63540	0	0	10000
708	708	-63630	0	0	10000
709	709	-63720	0	0	10000
710	710	-63810	0	0	10000
711	711	-63900	0	0	10000
712	712	-63990	0	0	10000
713	713	-64080	0	0	10000
714	714	-64170	0	0	10000
715	715	-64260	0	0	10000
716	716	-64350	0	0	10000
717	717	-64440	0	0	10000
718	718	-64530	0	0	10000
719	719	-64620	0	0	10000
720	720	-64710	0	0	10000
721	721	-64800	0	0	10000
722	722	-64890	0	0	10000
723	723	-64980	0	0	10000
724	724	-65070	0	0	10000
725	725	-65160	0	0	10000
726	726	-65250	0	0	10000
727	727	-65340	0	0	10000
728	728	-65430	0	0	10000
729	729	-65520	0	0	10000
730	730	-65610	0	0	10000
731	731	-65700	0	0	10000
732	732	-65790	0	0	10000
733	733	-65880	0	0	10000
734	734	-65970	0	0	10000
735	735	-66060	0	0	10000
736	736	-66150	0	0	10000
737	737	-66240	0	0	10000
738	738	-66330	0	0	10000
739	739	-66420	0	0	10000
740	740	-66510	0	0	10000
741	741	-66600	0	0	10000
742	742	-66690	0	0	10000
743	743	-66780	0	0	10000
744	744	-66870	0	0	10000
745	745	-66960	0	0	10000
746	746	-67050	0	0	10000
747	747	-67140	0	0	10000
748	748	-67230	0	0	10000
749	749	-67320	0	0	10000
750	750	-67410	0	0	10000
751	751	-67500	0	0	10000
752	752	-67590	0	0	10000
753	753	-67680	0	0	10000
754	754	-67770	0	0	10000
755	755	-67860	0	0	10000
756	756	-67950	0	0	10000
757	757	-68040	0	0	10000
758	758	-68130	0	0	10000
759	759	-68220	0	0	10000
760	760	-68310	0	0	10000
761	761	-68400	0	0	10000
762	762	-68490	0	0	10000
763	763	-68580	0	0	10000
764	764	-68670	0	0	10000
765	765	-68760	0	0	10000
766	766	-68850	0	0	10000
767	767	-68940	0	0	10000
768	768	-69030	0	0	10000
769	769	-69120	0	0	10000
770	770	-69210	0	0	10000
771	771	-69300	0	0	10000
772	772	-69390	0	0	10000
773	773	-69480	0	0	10000
774	774	-69570	0	0	10000
775	775	-69660	0	0	10000
776	776	-69750	0	0	10000
777	777	-69840	0	0	10000
778	778	-69930	0	0	10000
779	779	-70020	0	0	10000
780	780	-70110	0	0	10000
781	781	-70200	0	0	10000
782	782	-70290	0	0	10000
783	783	-70380	0	0	10000
784	784	-70470	0	0	10000
785	785	-70560	0	0	10000
786	786	-70650	0	0	10000
787	787	-70740	0	0	10000
788	788	-70830	0	0	10000
789	789	-70920	0	0	10000
790	790	-71010	0	0	10000
791	791	-71100	0	0	10000
792	792	-71190	0	0	10000
793	793	-71280	0	0	10000
794	794	-71370	0	0	10000
795	795	-71460	0	0	10000
796	796	-71550	0	0	10000
797	797	-71640	0	0	10000
798	798	-71730	0	0	10000
799	799	-71820	0	0	10000
800	800	-71910	0	0	10000
801	801	-72000	0	0	10000
802	802	-72090	0	0	10000
803	803	-72180	0	0	10000
804	804	-72270	0	0	10000
805	805	-72360	0	0	10000
806	806	-72450	0	0	10000
807	807	-72540	0	0	10000
808	808	-72630	0	0	10000
809	809	-72720	0	0	10000
810	810	-72810	0	0	10000
811	811	-72900	0	0	10000
812	812	-72990	0	0	10000
813	813	-73080	0	0	10000
814	814	-73170	0	0	10000
815	815	-73260	0	0	10000
816	816	-73350	0	0	10000
817	817	-73440	0	0	10000
818	818	-73530	0	0	10000
819	819	-73620	0	0	10000
820	820	-73710	0	0	10000
821	821	-73800	0	0	10000
822	822	-73890	0	0	10000
823	823	-73980	0	0	10000
824	824	-74070	0	0	10000
825	825	-74160	0	0	10000
826	826	-74250	0	0	10000
827	827	-74340	0	0	10000
828	828	-74430	0	0	10000
829	829	-74520	0	0	10000
830	830	-74610	0	0	10000
831	831	-74700	0	0	10000
832	832	-74790	0	0	10000
833	833	-74880	0	0	10000
834	834	-74970	0	0	10000
835	835	-75060	0	0	10000
836	836	-75150	0	0	10000
837	837	-75240	0	0	10000
838	838	-75330	0	0	10000
839	839	-75420	0	0	10000
840	840	-75510	0	0	10000
841	841	-75600	0	0	10000
842	842	-75690	0	0	10000
843	843	-75780	0	0	10000
844	844	-75870	0	0	10000
845	845	-75960	0	0	10000
846	846	-76050	0	0	10000
847	847	-76140	0	0	10000
848	848	-76230	0	0	10000
849	849	-76320	0	0	10000
850	850	-76410	0	0	10000
851	851	-76500	0	0	10000
852	852	-76590	0	0	10000
853	853	-76680	0	0	10000
854	854	-76770	0	0	10000
855	855	-76860	0	0	10000
856	856	-76950	0	0	10000
857	857	-77040	0	0	10000
858	858	-77130	0	0	10000
859	859	-77220	0	0	10000
860	860	-77310	0	0	10000
861	861	-77400	0	0	10000
862	862	-77490	0	0	10000
863	863	-77580	0	0	10000
864	864	-77670	0	0	10000
865	865	-77760	0	0	10000
866	866	-77850	0	0	10000
867	867	-77940	0	0	10000
868	868	-78030	0	0	10000
869	869	-78120	0	0	10000
870	870	-78210	0	0	10000
871	871	-78300	0	0	10000
872	872	-78390	0	0	10000
873	873	-78480	0	0	10000
874	874	-78570	0	0	10000
875	875	-78660	0	0	10000
876	876	-78750	0	0	10000
877	877	-78840	0	0	10000
878	878	-78930	0	0	10000
879	879	-79020	0	0	10000
880	880	-79110	0	0	10000
881	881	-79200	0	0	10000
882	882	-79290	0	0	10000
883	883	-79380	0	0	10000
884	884	-79470	0	0	10000
885	885	-79560	0	0	10000
886	886	-79650	0	0	10000
887	887	-79740	0	0	10000
888	888	-79830	0	0	10000
889	889	-79920	0	0	10000
890	890	-80010	0	0	10000
891	891	-80100	0	0	10000
892	892	-80190	0	0	10000
893	893	-80280	0	0	10000
894	894	-80370	0	0	10000
895	895	-80460	0	0	10000
896	896	-80550	0	0	10000
897	897	-80640	0	0	10000
898	898	-80730	0	0	10000
899	899	-80820	0	0	10000
900	900	-80910	0	0	10000
901	901	-81000	0	0	10000
902	902	-81090	0	0	10000
903	903	-81180	0	0	10000
904	904	-81270	0	0	10000
905	905	-81360	0	0	10000
906	906	-81450	0	0	10000
907	907	-81540	0	0	10000
908	908	-81630	0	0	10000
909	909	-81720	0	0	10000
910	910	-81810	0	0	10000
911	911	-81900	0	0	10000
912	912	-81990	0	0	10000
913	913	-82080	0	0	10000
914	914	-82170	0	0	10000
915	915	-82260	0	0	10000
916	916	-82350	0	0	10000
917	917	-82440	0	0	10000
918	918	-82530	0	0	10000
919	919	-82620	0	0	10000
920	920	-82710	0	0	10000
921	921	-82800	0	0	10000
922	922	-82890	0	0	10000
923	923	-82980	0	0	10000
924	924	-83070	0	0	10000
925	925	-83160	0	0	10000
926	926	-83250	0	0	10000
927	927	-83340	0	0	10000
928	928	-83430	0	0	10000
929	929	-83520	0	0	10000
930	930	-83610	0	0	10000
931	931	-83700	0	0	10000
932	932	-83790	0	0	10000
933	933	-83880	0	0	10000
934	934	-83970	0	0	10000
935	935	-84060	0	0	10000
936	936	-84150	0	0	10000
937	937	-84240	0	0	10000
938	938	-84330	0	0	10000
939	939	-84420	0	0	10000
940	940	-84510	0	0	10000
941	941	-84600	0	0	10000
942	942	-84690	0	0	10000
943	943	-84780	0	0	10000
944	944	-84870	0	0	10000
945	945	-84960	0	0	10000
946	946	-85050	0	0	10000
947	947	-85140	0	0	10000
948	948	-85230	0	0	10000
949	949	-85320	0	0	10000
950	950	-85410	0	0	10000
951	951	-85500	0	0	10000
952	952	-85590	0	0	10000
953	953	-85680	0	0	10000
954	954	-85770	0	0	10000
955	955	-85860	0	0	10000
956	956	-85950	0	0	10000
957	957	-86040	0	0	10000
958	958	-86130	0	0	10000
959	959	-86220	0	0	10000
960	960	-86310	0	0	10000
961	961	-86400	0	0	10000
962	962	-86490	0	0	10000
963	963	-86580	0	0	10000
964	964	-86670	0	0	10000
965	965	-86760	0	0	10000
966	966	-86850	0	0	10000
967	967	-86940	0	0	10000
968	968	-87030	0	0	10000
969	969	-87120	0	0	10000
970	970	-87210	0	0	10000
971	971	-87300	0	0	10000
972	972	-87390	0	0	10000
973	973	-87480	0	0	10000
974	974	-87570	0	0	10000
975	975	-87660	0	0	10000
976	976	-87750	0	0	10000
977	977	-87840	0	0	10000
978	978	-87930	0	0	10000
979	979	-88020	0	0	10000
980	980	-88110	0	0	10000
981	981	-88200	0	0	10000
982	982	-88290	0	0	10000
983	983	-88380	0	0	10000
984	984	-88470	0	0	10000
985	985	-88560	0	0	10000
986	986	-88650	0	0	10000
987	987	-88740	0	0	10000
988	988	-88830	0	0	10000
989	989	-88920	0	0	10000
990	990	-89010	0	0	10000
991	991	-89100	0	0	10000
992	992	-89190	0	0	10000
993	993	-89280	0	0	10000
994	994	-89370	0	0	10000
995	995	-89460	0	0	10000
996	996	-89550	0	0	10000
997	997	-89640	0	0	10000
998	998	-89730	0	0	10000
999	999	-89820	0	0	10000
1000	1000	-89910	0	0	10000
1001	1001	-90000	0	0	10000
1002	1002	-90090	0	0	10000
1003	1003	-90180	0	0	10000
1004	1004	-90270	0	0	10000
1005	1005	-90360	0	0	10000
1006	1006	-90450	0	0	10000
1007	1007	-90540	0	0	10000
1008	1008	-90630	0	0	10000
1009	1009	-90720	0	0	10000
1010	1010	-90810	0	0	10000
1011	1011	-90900	0	0	10000
1012	1012	-90990	0	0	10000
1013	1013	-91080	0	0	10000
1014	1014	-91170	0	0	10000
1015	1015	-91260	0	0	10000
1016	1016	-91350	0	0	10000
1017	1017	-91350	-75242	0	10000
1018	1018	-91260	-75242	0	10000
1019	1019	-91170	-75242	0	10000
1020	1020	-91080	-75242	0	10000
1021	1021	-90990	-75242	0	10000
1022	1022	-90900	-75242	0	10000
1023	1023	-90810	-75242	0	10000
1024	1024	-90720	-75242	0	10000
1025	1025	-90630	-75242	0	10000
1026	1026	-90540	-75242	0	10000
1027	1027	-90450	-75242	0	10000
1028	1028	-90360	-75242	0	10000
1029	1029	-90270	-75242	0	10000
1030	1030	-90180	-75242	0	10000
1031	1031	-90090	-75242	0	10000
1032	1032	-90000	-75242	0	10000
1033	1033	-89910	-75242	0	10000
1034	1034	-89820	-75242	0	10000
1035	1035	-89730	-75242	0	10000
1036	1036	-89640	-75242	0	10000
1037	1037	-89550	-75242	0	10000
1038	1038	-89460	-75242	0	10000
1039	1039	-89370	-75242	0	10000
1040	1040	-89280	-75242	0	10000
1041	1041	-89190	-75242	0	10000
1042	1042	-89100	-75242	0	10000
1043	1043	-89010	-75242	0	10000
1044	1044	-88920	-75242	0	10000
1045	1045	-88830	-75242	0	10000
1046	1046	-88740	-75242	0	10000
1047	1047	-88650	-75242	0	10000
1048	1048	-88560	-75242	0	10000
1049	1049	-88470	-75242	0	10000
1050	1050	-88380	-75242	0	10000
1051	1051	-88290	-75242	0	10000
1052	1052	-88200	-75242	0	10000
1053	1053	-88110	-75242	0	10000
1054	1054	-88020	-75242	0	10000
1055	1055	-87930	-75242	0	10000
1056	1056	-87840	-75242	0	10000
1057	1057	-87750	-75242	0	10000
1058	1058	-87660	-75242	0	10000
1059	1059	-87570	-75242	0	10000
1060	1060	-87480	-75242	0	10000
1061	1061	-87390	-75242	0	10000
1062	1062	-87300	-75242	0	10000
1063	1063	-87210	-75242	0	10000
1064	1064	-87120	-75242	0	10000
1065	1065	-87030	-75242	0	10000
1066	1066	-86940	-75242	0	10000
1067	1067	-86850	-75242	0	10000
1068	1068	-86760	-75242	0	10000
1069	1069	-86670	-75242	0	10000
1070	1070	-86580	-75242	0	10000
1071	1071	-86490	-75242	0	10000
1072	1072	-86400	-75242	0	10000
1073	1073	-86310	-75242	0	10000
1074	1074	-86220	-75242	0	10000
1075	1075	-86130	-75242	0	10000
1076	1076	-86040	-75242	0	10000
1077	1077	-85950	-75242	0	10000
1078	1078	-85860	-75242	0	10000
1079	1079	-85770	-75242	0	10000
1080	1080	-85680	-75242	0	10000
1081	1081	-85590	-75242	0	10000
1082	1082	-85500	-75242	0	10000
1083	1083	-85410	-75242	0	10000
1084	1084	-85320	-75242	0	10000
1085	1085	-85230	-75242	0	10000
1086	1086	-85140	-75242	0	10000
1087	1087	-85050	-75242	0	10000
1088	1088	-84960	-75242	0	10000
1089	1089	-84870	-75242	0	10000
1090	1090	-84780	-75242	0	10000
1091	1091	-84690	-75242	0	10000
1092	1092	-84600	-75242	0	10000
1093	1093	-84510	-75242	0	10000
1094	1094	-84420	-75242	0	10000
1095	1095	-84330	-75242	0	10000
1096	1096	-84240	-75242	0	10000
1097	1097	-84150	-75242	0	10000
1098	1098	-84060	-75242	0	10000
1099	1099	-83970	-75242	0	10000
1100	1100	-83880	-75242	0	10000
1101	1101	-83790	-75242	0	10000
1102	1102	-83700	-75242	0	10000
1103	1103	-83610	-75242	0	10000
1104	1104	-83520	-75242	0	10000
1105	1105	-83430	-75242	0	10000
1106	1106	-83340	-75242	0	10000
1107	1107	-83250	-75242	0	10000
1108	1108	-83160	-75242	0	10000
1109	1109	-83070	-75242	0	10000
1110	1110	-82980	-75242	0	10000
1111	1111	-82890	-75242	0	10000
1112	1112	-82800	-75242	0	10000
1113	1113	-82710	-75242	0	10000
1114	1114	-82620	-75242	0	10000
1115	1115	-82530	-75242	0	10000
1116	1116	-82440	-75242	0	10000
1117	1117	-82350	-75242	0	10000
1118	1118	-82260	-75242	0	10000
1119	1119	-82170	-75242	0	10000
1120	1120	-82080	-75242	0	10000
1121	1121	-81990	-75242	0	10000
1122	1122	-81900	-75242	0	10000
1123	1123	-81810	-75242	0	10000
1124	1124	-81720	-75242	0	10000
1125	1125	-81630	-75242	0	10000
1126	1126	-81540	-75242	0	10000
1127	1127	-81450	-75242	0	10000
1128	1128	-81360	-75242	0	10000
1129	1129	-81270	-75242	0	10000
1130	1130	-81180	-75242	0	10000
1131	1131	-81090	-75242	0	10000
1132	1132	-81000	-75242	0	10000
1133	1133	-80910	-75242	0	10000
1134	1134	-80820	-75242	0	10000
1135	1135	-80730	-75242	0	10000
1136	1136	-80640	-75242	0	10000
1137	1137	-80550	-75242	0	10000
1138	1138	-80460	-75242	0	10000
1139	1139	-80370	-75242	0	10000
1140	1140	-80280	-75242	0	10000
1141	1141	-80190	-75242	0	10000
1142	1142	-80100	-75242	0	10000
1143	1143	-80010	-75242	0	10000
1144	1144	-79920	-75242	0	10000
1145	1145	-79830	-75242	0	10000
1146	1146	-79740	-75242	0	10000
1147	1147	-79650	-75242	0	10000
1148	1148	-79560	-75242	0	10000
1149	1149	-79470	-75242	0	10000
1150	1150	-79380	-75242	0	10000
1151	1151	-79290	-75242	0	10000
1152	1152	-79200	-75242	0	10000
1153	1153	-79110	-75242	0	10000
1154	1154	-79020	-75242	0	10000
1155	1155	-78930	-75242	0	10000
1156	1156	-78840	-75242	0	10000
1157	1157	-78750	-75242	0	10000
1158	1158	-78660	-75242	0	10000
1159	1159	-78570	-75242	0	10000
1160	1160	-78480	-75242	0	10000
1161	1161	-78390	-75242	0	10000
1162	1162	-78300	-75242	0	10000
1163	1163	-78210	-75242	0	10000
1164	1164	-78120	-75242	0	10000
1165	1165	-78030	-75242	0	10000
1166	1166	-77940	-75242	0	10000
1167	1167	-77850	-75242	0	10000
1168	1168	-77760	-75242	0	10000
1169	1169	-77670	-75242	0	10000
1170	1170	-77580	-75242	0	10000
1171	1171	-77490	-75242	0	10000
1172	1172	-77400	-75242	0	10000
1173	1173	-77310	-75242	0	10000
1174	1174	-77220	-75242	0	10000
1175	1175	-77130	-75242	0	10000
1176	1176	-77040	-75242	0	10000
1177	1177	-76950	-75242	0	10000
1178	1178	-76860	-75242	0	10000
1179	1179	-76770	-75242	0	10000
1180	1180	-76680	-75242	0	10000
1181	1181	-76590	-75242	0	10000
1182	1182	-76500	-75242	0	10000
1183	1183	-76410	-75242	0	10000
1184	1184	-76320	-75242	0	10000
1185	1185	-76230	-75242	0	10000
1186	1186	-76140	-75242	0	10000
1187	1187	-76050	-75242	0	10000
1188	1188	-75960	-75242	0	10000
1189	1189	-75870	-75242	0	10000
1190	1190	-75780	-75242	0	10000
1191	1191	-75690	-75242	0	10000
1192	1192	-75600	-75242	0	10000
1193	1193	-75510	-75242	0	10000
1194	1194	-75420	-75242	0	10000
1195	1195	-75330	-75242	0	10000
1196	1196	-75240	-75242	0	10000
1197	1197	-75150	-75242	0	10000
1198	1198	-75060	-75242	0	10000
1199	1199	-74970	-75242	0	10000
1200	1200	-74880	-75242	0	10000
1201	1201	-74790	-75242	0	10000
1202	1202	-74700	-75242	0	10000
1203	1203	-74610	-75242	0	10000
1204	1204	-74520	-75242	0	10000
1205	1205	-74430	-75242	0	10000
1206	1206	-74340	-75242	0	10000
1207	1207	-74250	-75242	0	10000
1208	1208	-74160	-75242	0	10000
1209	1209	-74070	-75242	0	10000
1210	1210	-73980	-75242	0	10000
1211	1211	-73890	-75242	0	10000
1212	1212	-73800	-75242	0	10000
1213	1213	-73710	-75242	0	10000
1214	1214	-73620	-75242	0	10000
1215	1215	-73530	-75242	0	10000
1216	1216	-73440	-75242	0	10000
1217	1217	-73350	-75242	0	10000
1218	1218	-73260	-75242	0	10000
1219	1219	-73170	-75242	0	10000
1220	1220	-73080	-75242	0	10000
1221	1221	-72990	-75242	0	10000
1222	1222	-72900	-75242	0	10000
1223	1223	-72810	-75242	0	10000
1224	1224	-72720	-75242	0	10000
1225	1225	-72630	-75242	0	10000
1226	1226	-72540	-75242	0	10000
1227	1227	-72450	-75242	0	10000
1228	1228	-72360	-75242	0	10000
1229	1229	-72270	-75242	0	10000
1230	1230	-72180	-75242	0	10000
1231	1231	-72090	-75242	0	10000
1232	1232	-72000	-75242	0	10000
1233	1233	-71910	-75242	0	10000
1234	1234	-71820	-75242	0	10000
1235	1235	-71730	-75242	0	10000
1236	1236	-71640	-75242	0	10000
1237	1237	-71550	-75242	0	10000
1238	1238	-71460	-75242	0	10000
1239	1239	-71370	-75242	0	10000
1240	1240	-71280	-75242	0	10000
1241	1241	-71190	-75242	0	10000
1242	1242	-71100	-75242	0	10000
1243	1243	-71010	-75242	0	10000
1244	1244	-70920	-75242	0	10000
1245	1245	-70830	-75242	0	10000
1246	1246	-70740	-75242	0	10000
1247	1247	-70650	-75242	0	10000
1248	1248	-70560	-75242	0	10000
1249	1249	-70470	-75242	0	10000
1250	1250	-70380	-75242	0	10000
1251	1251	-70290	-75242	0	10000
1252	1252	-70200	-75242	0	10000
1253	1253	-70110	-75242	0	10000
1254	1254	-70020	-75242	0	10000
1255	1255	-69930	-75242	0	10000
1256	1256	-69840	-75242	0	10000
1257	1257	-69750	-75242	0	10000
1258	1258	-69660	-75242	0	10000
1259	1259	-69570	-75242	0	10000
1260	1260	-69480	-75242	0	10000
1261	1261	-69390	-75242	0	10000
1262	1262	-69300	-75242	0	10000
1263	1263	-69210	-75242	0	10000
1264	1264	-69120	-75242	0	10000
1265	1265	-69030	-75242	0	10000
1266	1266	-68940	-75242	0	10000
1267	1267	-68850	-75242	0	10000
1268	1268	-68760	-75242	0	10000
1269	1269	-68670	-75242	0	10000
1270	1270	-68580	-75242	0	10000
1271	1271	-68490	-75242	0	10000
1272	1272	-68400	-75242	0	10000
1273	1273	-68310	-75242	0	10000
1274	1274	-68220	-75242	0	10000
1275	1275	-68130	-75242	0	10000
1276	1276	-68040	-75242	0	10000
1277	1277	-67950	-75242	0	10000
1278	1278	-67860	-75242	0	10000
1279	1279	-67770	-75242	0	10000
1280	1280	-67680	-75242	0	10000
1281	1281	-67590	-75242	0	10000
1282	1282	-67500	-75242	0	10000
1283	1283	-67410	-75242	0	10000
1284	1284	-67320	-75242	0	10000
1285	1285	-67230	-75242	0	10000
1286	1286	-67140	-75242	0	10000
1287	1287	-67050	-75242	0	10000
1288	1288	-66960	-75242	0	10000
1289	1289	-66870	-75242	0	10000
1290	1290	-66780	-75242	0	10000
1291	1291	-66690	-75242	0	10000
1292	1292	-66600	-75242	0	10000
1293	1293	-66510	-75242	0	10000
1294	1294	-66420	-75242	0	10000
1295	1295	-66330	-75242	0	10000
1296	1296	-66240	-75242	0	10000
1297	1297	-66150	-75242	0	10000
1298	1298	-66060	-75242	0	10000
1299	1299	-65970	-75242	0	10000
1300	1300	-65880	-75242	0	10000
1301	1301	-65790	-75242	0	10000
1302	1302	-65700	-75242	0	10000
1303	1303	-65610	-75242	0	10000
1304	1304	-65520	-75242	0	10000
1305	1305	-65430	-75242	0	10000
1306	1306	-65340	-75242	0	10000
1307	1307	-65250	-75242	0	10000
1308	1308	-65160	-75242	0	10000
1309	1309	-65070	-75242	0	10000
1310	1310	-64980	-75242	0	10000
1311	1311	-64890	-75242	0	10000
1312	1312	-64800	-75242	0	10000
1313	1313	-64710	-75242	0	10000
1314	1314	-64620	-75242	0	10000
1315	1315	-64530	-75242	0	10000
1316	1316	-64440	-75242	0	10000
1317	1317	-64350	-75242	0	10000
1318	1318	-64260	-75242	0	10000
1319	1319	-64170	-75242	0	10000
1320	1320	-64080	-75242	0	10000
1321	1321	-63990	-75242	0	10000
1322	1322	-63900	-75242	0	10000
1323	1323	-63810	-75242	0	10000
1324	1324	-63720	-75242	0	10000
1325	1325	-63630	-75242	0	10000
1326	1326	-63540	-75242	0	10000
1327	1327	-63450	-75242	0	10000
1328	1328	-63360	-75242	0	10000
1329	1329	-63270	-75242	0	10000
1330	1330	-63180	-75242	0	10000
1331	1331	-63090	-75242	0	10000
1332	1332	-63000	-75242	0	10000
1333	1333	-62910	-75242	0	10000
1334	1334	-62820	-75242	0	10000
1335	1335	-62730	-75242	0	10000
1336	1336	-62640	-75242	0	10000
1337	1337	-62550	-75242	0	10000
1338	1338	-62460	-75242	0	10000
1339	1339	-62370	-75242	0	10000
1340	1340	-62280	-75242	0	10000
1341	1341	-62190	-75242	0	10000
1342	1342	-62100	-75242	0	10000
1343	1343	-62010	-75242	0	10000
1344	1344	-61920	-75242	0	10000
1345	1345	-61830	-75242	0	10000
1346	1346	-61740	-75242	0	10000
1347	1347	-61650	-75242	0	10000
1348	1348	-61560	-75242	0	10000
1349	1349	-61470	-75242	0	10000
1350	1350	-61380	-75242	0	10000
1351	1351	-61290	-75242	0	10000
1352	1352	-61200	-75242	0	10000
1353	1353	-61110	-75242	0	10000
1354	1354	-61020	-75242	0	10000
1355	1355	-60930	-75242	0	10000
1356	1356	-60840	-75242	0	10000
1357	1357	-60750	-75242	0	10000
1358	1358	-60660	-75242	0	10000
1359	1359	-60570	-75242	0	10000
1360	1360	-60480	-75242	0	10000
1361	1361	-60390	-75242	0	10000
1362	1362	-60300	-75242	0	10000
1363	1363	-60210	-75242	0	10000
1364	1364	-60120	-75242	0	10000
1365	1365	-60030	-75242	0	10000
1366	1366	-59940	-75242	0	10000
1367	1367	-59850	-75242	0	10000
1368	1368	-59760	-75242	0	10000
1369	1369	-59670	-75242	0	10000
1370	1370	-59580	-75242	0	10000
1371	1371	-59490	-75242	0	10000
1372	1372	-59400	-75242	0	10000
1373	1373	-59310	-75242	0	10000
1374	1374	-59220	-75242	0	10000
1375	1375	-59130	-75242	0	10000
1376	1376	-59040	-75242	0	10000
1377	1377	-58950	-75242	0	10000
1378	1378	-58860	-75242	0	10000
1379	1379	-58770	-75242	0	10000
1380	1380	-58680	-75242	0	10000
1381	1381	-58590	-75242	0	10000
1382	1382	-58500	-75242	0	10000
1383	1383	-58410	-75242	0	10000
1384	1384	-58320	-75242	0	10000
1385	1385	-58230	-75242	0	10000
1386	1386	-58140	-75242	0	10000
1387	1387	-58050	-75242	0	10000
1388	1388	-57960	-75242	0	10000
1389	1389	-57870	-75242	0	10000
1390	1390	-57780	-75242	0	10000
1391	1391	-57690	-75242	0	10000
1392	1392	-57600	-75242	0	10000
1393	1393	-57510	-75242	0	10000
1394	1394	-57420	-75242	0	10000
1395	1395	-57330	-75242	0	10000
1396	1396	-57240	-75242	0	10000
1397	1397	-57150	-75242	0	10000
1398	1398	-57060	-75242	0	10000
1399	1399	-56970	-75242	0	10000
1400	1400	-56880	-75242	0	10000
1401	1401	-56790	-75242	0	10000
1402	1402	-56700	-75242	0	10000
1403	1403	-56610	-75242	0	10000
1404	1404	-56520	-75242	0	10000
1405	1405	-56430	-75242	0	10000
1406	1406	-56340	-75242	0	10000
1407	1407	-56250	-75242	0	10000
1408	1408	-56160	-75242	0	10000
1409	1409	-56070	-75242	0	10000
1410	1410	-55980	-75242	0	10000
1411	1411	-55890	-75242	0	10000
1412	1412	-55800	-75242	0	10000
1413	1413	-55710	-75242	0	10000
1414	1414	-55620	-75242	0	10000
1415	1415	-55530	-75242	0	10000
1416	1416	-55440	-75242	0	10000
1417	1417	-55350	-75242	0	10000
1418	1418	-55260	-75242	0	10000
1419	1419	-55170	-75242	0	10000
1420	1420	-55080	-75242	0	10000
1421	1421	-54990	-75242	0	10000
1422	1422	-54900	-75242	0	10000
1423	1423	-54810	-75242	0	10000
1424	1424	-54720	-75242	0	10000
1425	1425	-54630	-75242	0	10000
1426	1426	-54540	-75242	0	10000
1427	1427	-54450	-75242	0	10000
1428	1428	-54360	-75242	0	10000
1429	1429	-54270	-75242	0	10000
1430	1430	-54180	-75242	0	10000
1431	1431	-54090	-75242	0	10000
1432	1432	-54000	-75242	0	10000
1433	1433	-53910	-75242	0	10000
1434	1434	-53820	-75242	0	10000
1435	1435	-53730	-75242	0	10000
1436	1436	-53640	-75242	0	10000
1437	1437	-53550	-75242	0	10000
1438	1438	-53460	-75242	0	10000
1439	1439	-53370	-75242	0	10000
1440	1440	-53280	-75242	0	10000
1441	1441	-53190	-75242	0	10000
1442	1442	-53100	-75242	0	10000
1443	1443	-53010	-75242	0	10000
1444	1444	-52920	-75242	0	10000
1445	1445	-52830	-75242	0	10000
1446	1446	-52740	-75242	0	10000
1447	1447	-52650	-75242	0	10000
1448	1448	-52560	-75242	0	10000
1449	1449	-52470	-75242	0	10000
1450	1450	-52380	-75242	0	10000
1451	1451	-52290	-75242	0	10000
1452	1452	-52200	-75242	0	10000
1453	1453	-52110	-75242	0	10000
1454	1454	-52020	-75242	0	10000
1455	1455	-51930	-75242	0	10000
1456	1456	-51840	-75242	0	10000
1457	1457	-51750	-75242	0	10000
1458	1458	-51660	-75242	0	10000
1459	1459	-51570	-75242	0	10000
1460	1460	-51480	-75242	0	10000
1461	1461	-51390	-75242	0	10000
1462	1462	-51300	-75242	0	10000
1463	1463	-51210	-75242	0	10000
1464	1464	-51120	-75242	0	10000
1465	1465	-51030	-75242	0	10000
1466	1466	-50940	-75242	0	10000
1467	1467	-50850	-75242	0	10000
1468	1468	-50760	-75242	0	10000
1469	1469	-50670	-75242	0	10000
1470	1470	-50580	-75242	0	10000
1471	1471	-50490	-75242	0	10000
1472	1472	-50400	-75242	0	10000
1473	1473	-50310	-75242	0	10000
1474	1474	-50220	-75242	0	10000
1475	1475	-50130	-75242	0	10000
1476	1476	-50040	-75242	0	10000
1477	1477	-49950	-75242	0	10000
1478	1478	-49860	-75242	0	10000
1479	1479	-49770	-75242	0	10000
1480	1480	-49680	-75242	0	10000
1481	1481	-49590	-75242	0	10000
1482	1482	-49500	-75242	0	10000
1483	1483	-49410	-75242	0	10000
1484	1484	-49320	-75242	0	10000
1485	1485	-49230	-75242	0	10000
1486	1486	-49140	-75242	0	10000
1487	1487	-49050	-75242	0	10000
1488	1488	-48960	-75242	0	10000
1489	1489	-48870	-75242	0	10000
1490	1490	-48780	-75242	0	10000
1491	1491	-48690	-75242	0	10000
1492	1492	-48600	-75242	0	10000
1493	1493	-48510	-75242	0	10000
1494	1494	-48420	-75242	0	10000
1495	1495	-48330	-75242	0	10000
1496	1496	-48240	-75242	0	10000
1497	1497	-48150	-75242	0	10000
1498	1498	-48060	-75242	0	10000
1499	1499	-47970	-75242	0	10000
1500	1500	-47880	-75242	0	10000
1501	1501	-47790	-75242	0	10000
1502	1502	-47700	-75242	0	10000
1503	1503	-47610	-75242	0	10000
1504	1504	-47520	-75242	0	10000
1505	1505	-47430	-75242	0	10000
1506	1506	-47340	-75242	0	10000
1507	1507	-47250	-75242	0	10000
1508	1508	-47160	-75242	0	10000
1509	1509	-47070	-75242	0	10000
1510	1510	-46980	-75242	0	10000
1511	1511	-46890	-75242	0	10000
1512	1512	-46800	-75242	0	10000
1513	1513	-46710	-75242	0	10000
1514	1514	-46620	-75242	0	10000
1515	1515	-46530	-75242	0	10000
1516	1516	-46440	-75242	0	10000
1517	1517	-46350	-75242	0	10000
1518	1518	-46260	-75242	0	10000
1519	1519	-46170	-75242	0	10000
1520	1520	-46080	-75242	0	10000
1521	1521	-45990	-75242	0	10000
1522	1522	-45900	-75242	0	10000
1523	1523	-45810	-75242	0	10000
1524	1524	-45720	-75242	0	10000
1525	1525	-45630	-75242	0	10000
1526	1526	-45540	-75242	0	10000
1527	1527	-45450	-75242	0	10000
1528	1528	-45360	-75242	0	10000
1529	1529	-45270	-75242	0	10000
1530	1530	-45180	-75242	0	10000
1531	1531	-45090	-75242	0	10000
1532	1532	-45000	-75242	0	10000
1533	1533	-44910	-75242	0	10000
1534	1534	-44820	-75242	0	10000
1535	1535	-44730	-75242	0	10000
1536	1536	-44640	-75242	0	10000
1537	1537	-44550	-75242	0	10000
1538	1538	-44460	-75242	0	10000
1539	1539	-44370	-75242	0	10000
1540	1540	-44280	-75242	0	10000
1541	1541	-44190	-75242	0	10000
1542	1542	-44100	-75242	0	10000
1543	1543	-44010	-75242	0	10000
1544	1544	-43920	-75242	0	10000
1545	1545	-43830	-75242	0	10000
1546	1546	-43740	-75242	0	10000
1547	1547	-43650	-75242	0	10000
1548	1548	-43560	-75242	0	10000
1549	1549	-43470	-75242	0	10000
1550	1550	-43380	-75242	0	10000
1551	1551	-43290	-75242	0	10000
1552	1552	-43200	-75242	0	10000
1553	1553	-43110	-75242	0	10000
1554	1554	-43020	-75242	0	10000
1555	1555	-42930	-75242	0	10000
1556	1556	-42840	-75242	0	10000
1557	1557	-42750	-75242	0	10000
1558	1558	-42660	-75242	0	10000
1559	1559	-42570	-75242	0	10000
1560	1560	-42480	-75242	0	10000
1561	1561	-42390	-75242	0	10000
1562	1562	-42300	-75242	0	10000
1563	1563	-42210	-75242	0	10000
1564	1564	-42120	-75242	0	10000
1565	1565	-42030	-75242	0	10000
1566	1566	-41940	-75242	0	10000
1567	1567	-41850	-75242	0	10000
1568	1568	-41760	-75242	0	10000
1569	1569	-41670	-75242	0	10000
1570	1570	-41580	-75242	0	10000
1571	1571	-41490	-75242	0	10000
1572	1572	-41400	-75242	0	10000
1573	1573	-41310	-75242	0	10000
1574	1574	-41220	-75242	0	10000
1575	1575	-41130	-75242	0	10000
1576	1576	-41040	-75242	0	10000
1577	1577	-40950	-75242	0	10000
1578	1578	-40860	-75242	0	10000
1579	1579	-40770	-75242	0	10000
1580	1580	-40680	-75242	0	10000
1581	1581	-40590	-75242	0	10000
1582	1582	-40500	-75242	0	10000
1583	1583	-40410	-75242	0	10000
1584	1584	-40320	-75242	0	10000
1585	1585	-40230	-75242	0	10000
1586	1586	-40140	-75242	0	10000
1587	1587	-40050	-75242	0	10000
1588	1588	-39960	-75242	0	10000
1589	1589	-39870	-75242	0	10000
1590	1590	-39780	-75242	0	10000
1591	1591	-39690	-75242	0	10000
1592	1592	-39600	-75242	0	10000
1593	1593	-39510	-75242	0	10000
1594	1594	-39420	-75242	0	10000
1595	1595	-39330	-75242	0	10000
1596	1596	-39240	-75242	0	10000
1597	1597	-39150	-75242	0	10000
1598	1598	-39060	-75242	0	10000
1599	1599	-38970	-75242	0	10000
1600	1600	-38880	-75242	0	10000
1601	1601	-38790	-75242	0	10000
1602	1602	-38700	-75242	0	10000
1603	1603	-38610	-75242	0	10000
1604	1604	-38520	-75242	0	10000
1605	1605	-38430	-75242	0	10000
1606	1606	-38340	-75242	0	10000
1607	1607	-38250	-75242	0	10000
1608	1608	-38160	-75242	0	10000
1609	1609	-38070	-75242	0	10000
1610	1610	-37980	-75242	0	10000
1611	1611	-37890	-75242	0	10000
1612	1612	-37800	-75242	0	10000
1613	1613	-37710	-75242	0	10000
1614	1614	-37620	-75242	0	10000
1615	1615	-37530	-75242	0	10000
1616	1616	-37440	-75242	0	10000
1617	1617	-37350	-75242	0	10000
1618	1618	-37260	-75242	0	10000
1619	1619	-37170	-75242	0	10000
1620	1620	-37080	-75242	0	10000
1621	1621	-36990	-75242	0	10000
1622	1622	-36900	-75242	0	10000
1623	1623	-36810	-75242	0	10000
1624	1624	-36720	-75242	0	10000
1625	1625	-36630	-75242	0	10000
1626	1626	-36540	-75242	0	10000
1627	1627	-36450	-75242	0	10000
1628	1628	-36360	-75242	0	10000
1629	1629	-36270	-75242	0	10000
1630	1630	-36180	-75242	0	10000
1631	1631	-36090	-75242	0	10000
1632	1632	-36000	-75242	0	10000
1633	1633	-35910	-75242	0	10000
1634	1634	-35820	-75242	0	10000
1635	1635	-35730	-75242	0	10000
1636	1636	-35640	-75242	0	10000
1637	1637	-35550	-75242	0	10000
1638	1638	-35460	-75242	0	10000
1639	1639	-35370	-75242	0	10000
1640	1640	-35280	-75242	0	10000
1641	1641	-35190	-75242	0	10000
1642	1642	-35100	-75242	0	10000
1643	1643	-35010	-75242	0	10000
1644	1644	-34920	-75242	0	10000
1645	1645	-34830	-75242	0	10000
1646	1646	-34740	-75242	0	10000
1647	1647	-34650	-75242	0	10000
1648	1648	-34560	-75242	0	10000
1649	1649	-34470	-75242	0	10000
1650	1650	-34380	-75242	0	10000
1651	1651	-34290	-75242	0	10000
1652	1652	-34200	-75242	0	10000
1653	1653	-34110	-75242	0	10000
1654	1654	-34020	-75242	0	10000
1655	1655	-33930	-75242	0	10000
1656	1656	-33840	-75242	0	10000
1657	1657	-33750	-75242	0	10000
1658	1658	-33660	-75242	0	10000
1659	1659	-33570	-75242	0	10000
1660	1660	-33480	-75242	0	10000
1661	1661	-33390	-75242	0	10000
1662	1662	-33300	-75242	0	10000
1663	1663	-33210	-75242	0	10000
1664	1664	-33120	-75242	0	10000
1665	1665	-33030	-75242	0	10000
1666	1666	-32940	-75242	0	10000
1667	1667	-32850	-75242	0	10000
1668	1668	-32760	-75242	0	10000
1669	1669	-32670	-75242	0	10000
1670	1670	-32580	-75242	0	10000
1671	1671	-32490	-75242	0	10000
1672	1672	-32400	-75242	0	10000
1673	1673	-32310	-75242	0	10000
1674	1674	-32220	-75242	0	10000
1675	1675	-32130	-75242	0	10000
1676	1676	-32040	-75242	0	10000
1677	1677	-31950	-75242	0	10000
1678	1678	-31860	-75242	0	10000
1679	1679	-31770	-75242	0	10000
1680	1680	-31680	-75242	0	10000
1681	1681	-31590	-75242	0	10000
1682	1682	-31500	-75242	0	10000
1683	1683	-31410	-75242	0	10000
1684	1684	-31320	-75242	0	10000
1685	1685	-31230	-75242	0	10000
1686	1686	-31140	-75242	0	10000
1687	1687	-31050	-75242	0	10000
1688	1688	-30960	-75242	0	10000
1689	1689	-30870	-75242	0	10000
1690	1690	-30780	-75242	0	10000
1691	1691	-30690	-75242	0	10000
1692	1692	-30600	-75242	0	10000
1693	1693	-30510	-75242	0	10000
1694	1694	-30420	-75242	0	10000
1695	1695	-30330	-75242	0	10000
1696	1696	-30240	-75242	0	10000
1697	1697	-30150	-75242	0	10000
1698	1698	-30060	-75242	0	10000
1699	1699	-29970	-75242	0	10000
1700	1700	-29880	-75242	0	10000
1701	1701	-29790	-75242	0	10000
1702	1702	-29700	-75242	0	10000
1703	1703	-29610	-75242	0	10000
1704	1704	-29520	-75242	0	10000
1705	1705	-29430	-75242	0	10000
1706	1706	-29340	-75242	0	10000
1707	1707	-29250	-75242	0	10000
1708	1708	-29160	-75242	0	10000
1709	1709	-29070	-75242	0	10000
1710	1710	-28980	-75242	0	10000
1711	1711	-28890	-75242	0	10000
1712	1712	-28800	-75242	0	10000
1713	1713	-28710	-75242	0	10000
1714	1714	-28620	-75242	0	10000
1715	1715	-28530	-75242	0	10000
1716	1716	-28440	-75242	0	10000
1717	1717	-28350	-75242	0	10000
1718	1718	-28260	-75242	0	10000
1719	1719	-28170	-75242	0	10000
1720	1720	-28080	-75242	0	10000
1721	1721	-27990	-75242	0	10000
1722	1722	-27900	-75242	0	10000
1723	1723	-27810	-75242	0	10000
1724	1724	-27720	-75242	0	10000
1725	1725	-27630	-75242	0	10000
1726	1726	-27540	-75242	0	10000
1727	1727	-27450	-75242	0	10000
1728	1728	-27360	-75242	0	10000
1729	1729	-27270	-75242	0	10000
1730	1730	-27180	-75242	0	10000
1731	1731	-27090	-75242	0	10000
1732	1732	-27000	-75242	0	10000
1733	1733	-26910	-75242	0	10000
1734	1734	-26820	-75242	0	10000
1735	1735	-26730	-75242	0	10000
1736	1736	-26640	-75242	0	10000
1737	1737	-26550	-75242	0	10000
1738	1738	-26460	-75242	0	10000
1739	1739	-26370	-75242	0	10000
1740	1740	-26280	-75242	0	10000
1741	1741	-26190	-75242	0	10000
1742	1742	-26100	-75242	0	10000
1743	1743	-26010	-75242	0	10000
1744	1744	-25920	-75242	0	10000
1745	1745	-25830	-75242	0	10000
1746	1746	-25740	-75242	0	10000
1747	1747	-25650	-75242	0	10000
1748	1748	-25560	-75242	0	10000
1749	1749	-25470	-75242	0	10000
1750	1750	-25380	-75242	0	10000
1751	1751	-25290	-75242	0	10000
1752	1752	-25200	-75242	0	10000
1753	1753	-25110	-75242	0	10000
1754	1754	-25020	-75242	0	10000
1755	1755	-24930	-75242	0	10000
1756	1756	-24840	-75242	0	10000
1757	1757	-24750	-75242	0	10000
1758	1758	-24660	-75242	0	10000
1759	1759	-24570	-75242	0	10000
1760	1760	-24480	-75242	0	10000
1761	1761	-24390	-75242	0	10000
1762	1762	-24300	-75242	0	10000
1763	1763	-24210	-75242	0	10000
1764	1764	-24120	-75242	0	10000
1765	1765	-24030	-75242	0	10000
1766	1766	-23940	-75242	0	10000
1767	1767	-23850	-75242	0	10000
1768	1768	-23760	-75242	0	10000
1769	1769	-23670	-75242	0	10000
1770	1770	-23580	-75242	0	10000
1771	1771	-23490	-75242	0	10000
1772	1772	-23400	-75242	0	10000
1773	1773	-23310	-75242	0	10000
1774	1774	-23220	-75242	0	10000
1775	1775	-23130	-75242	0	10000
1776	1776	-23040	-75242	0	10000
1777	1777	-22950	-75242	0	10000
1778	1778	-22860	-75242	0	10000
1779	1779	-22770	-75242	0	10000
1780	1780	-22680	-75242	0	10000
1781	1781	-22590	-75242	0	10000
1782	1782	-22500	-75242	0	10000
1783	1783	-22410	-75242	0	10000
1784	1784	-22320	-75242	0	10000
1785	1785	-22230	-75242	0	10000
1786	1786	-22140	-75242	0	10000
1787	1787	-22050	-75242	0	10000
1788	1788	-21960	-75242	0	10000
1789	1789	-21870	-75242	0	10000
1790	1790	-21780	-75242	0	10000
1791	1791	-21690	-75242	0	10000
1792	1792	-21600	-75242	0	10000
1793	1793	-21510	-75242	0	10000
1794	1794	-21420	-75242	0	10000
1795	1795	-21330	-75242	0	10000
1796	1796	-21240	-75242	0	10000
1797	1797	-21150	-75242	0	10000
1798	1798	-21060	-75242	0	10000
1799	1799	-20970	-75242	0	10000
1800	1800	-20880	-75242	0	10000
1801	1801	-20790	-75242	0	10000
1802	1802	-20700	-75242	0	10000
1803	1803	-20610	-75242	0	10000
1804	1804	-20520	-75242	0	10000
1805	1805	-20430	-75242	0	10000
1806	1806	-20340	-75242	0	10000
1807	1807	-20250	-75242	0	10000
1808	1808	-20160	-75242	0	10000
1809	1809	-20070	-75242	0	10000
1810	1810	-19980	-75242	0	10000
1811	1811	-19890	-75242	0	10000
1812	1812	-19800	-75242	0	10000
1813	1813	-19710	-75242	0	10000
1814	1814	-19620	-75242	0	10000
1815	1815	-19530	-75242	0	10000
1816	1816	-19440	-75242	0	10000
1817	1817	-19350	-75242	0	10000
1818	1818	-19260	-75242	0	10000
1819	1819	-19170	-75242	0	10000
1820	1820	-19080	-75242	0	10000
1821	1821	-18990	-75242	0	10000
1822	1822	-18900	-75242	0	10000
1823	1823	-18810	-75242	0	10000
1824	1824	-18720	-75242	0	10000
1825	1825	-18630	-75242	0	10000
1826	1826	-18540	-75242	0	10000
1827	1827	-18450	-75242	0	10000
1828	1828	-18360	-75242	0	10000
1829	1829	-18270	-75242	0	10000
1830	1830	-18180	-75242	0	10000
1831	1831	-18090	-75242	0	10000
1832	1832	-18000	-75242	0	10000
1833	1833	-17910	-75242	0	10000
1834	1834	-17820	-75242	0	10000
1835	1835	-17730	-75242	0	10000
1836	1836	-17640	-75242	0	10000
1837	1837	-17550	-75242	0	10000
1838	1838	-17460	-75242	0	10000
1839	1839	-17370	-75242	0	10000
1840	1840	-17280	-75242	0	10000
1841	1841	-17190	-75242	0	10000
1842	1842	-17100	-75242	0	10000
1843	1843	-17010	-75242	0	10000
1844	1844	-16920	-75242	0	10000
1845	1845	-16830	-75242	0	10000
1846	1846	-16740	-75242	0	10000
1847	1847	-16650	-75242	0	10000
1848	1848	-16560	-75242	0	10000
1849	1849	-16470	-75242	0	10000
1850	1850	-16380	-75242	0	10000
1851	1851	-16290	-75242	0	10000
1852	1852	-16200	-75242	0	10000
1853	1853	-16110	-75242	0	10000
1854	1854	-16020	-75242	0	10000
1855	1855	-15930	-75242	0	10000
1856	1856	-15840	-75242	0	10000
1857	1857	-15750	-75242	0	10000
1858	1858	-15660	-75242	0	10000
1859	1859	-15570	-75242	0	10000
1860	1860	-15480	-75242	0	10000
1861	1861	-15390	-75242	0	10000
1862	1862	-15300	-75242	0	10000
1863	1863	-15210	-75242	0	10000
1864	1864	-15120	-75242	0	10000
1865	1865	-15030	-75242	0	10000
1866	1866	-14940	-75242	0	10000
1867	1867	-14850	-75242	0	10000
1868	1868	-14760	-75242	0	10000
1869	1869	-14670	-75242	0	10000
1870	1870	-14580	-75242	0	10000
1871	1871	-14490	-75242	0	10000
1872	1872	-14400	-75242	0	10000
1873	1873	-14310	-75242	0	10000
1874	1874	-14220	-75242	0	10000
1875	1875	-14130	-75242	0	10000
1876	1876	-14040	-75242	0	10000
1877	1877	-13950	-75242	0	10000
1878	1878	-13860	-75242	0	10000
1879	1879	-13770	-75242	0	10000
1880	1880	-13680	-75242	0	10000
1881	1881	-13590	-75242	0	10000
1882	1882	-13500	-75242	0	10000
1883	1883	-13410	-75242	0	10000
1884	1884	-13320	-75242	0	10000
1885	1885	-13230	-75242	0	10000
1886	1886	-13140	-75242	0	10000
1887	1887	-13050	-75242	0	10000
1888	1888	-12960	-75242	0	10000
1889	1889	-12870	-75242	0	10000
1890	1890	-12780	-75242	0	10000
1891	1891	-12690	-75242	0	10000
1892	1892	-12600	-75242	0	10000
1893	1893	-12510	-75242	0	10000
1894	1894	-12420	-75242	0	10000
1895	1895	-12330	-75242	0	10000
1896	1896	-12240	-75242	0	10000
1897	1897	-12150	-75242	0	10000
1898	1898	-12060	-75242	0	10000
1899	1899	-11970	-75242	0	10000
1900	1900	-11880	-75242	0	10000
1901	1901	-11790	-75242	0	10000
1902	1902	-11700	-75242	0	10000
1903	1903	-11610	-75242	0	10000
1904	1904	-11520	-75242	0	10000
1905	1905	-11430	-75242	0	10000
1906	1906	-11340	-75242	0	10000
1907	1907	-11250	-75242	0	10000
1908	1908	-11160	-75242	0	10000
1909	1909	-11070	-75242	0	10000
1910	1910	-10980	-75242	0	10000
1911	1911	-10890	-75242	0	10000
1912	1912	-10800	-75242	0	10000
1913	1913	-10710	-75242	0	10000
1914	1914	-10620	-75242	0	10000
1915	1915	-10530	-75242	0	10000
1916	1916	-10440	-75242	0	10000
1917	1917	-10350	-75242	0	10000
1918	1918	-10260	-75242	0	10000
1919	1919	-10170	-75242	0	10000
1920	1920	-10080	-75242	0	10000
1921	1921	-9990	-75242	0	10000
1922	1922	-9900	-75242	0	10000
1923	1923	-9810	-75242	0	10000
1924	1924	-9720	-75242	0	10000
1925	1925	-9630	-75242	0	10000
1926	1926	-9540	-75242	0	10000
1927	1927	-9450	-75242	0	10000
1928	1928	-9360	-75242	0	10000
1929	1929	-9270	-75242	0	10000
1930	1930	-9180	-75242	0	10000
1931	1931	-9090	-75242	0	10000
1932	1932	-9000	-75242	0	10000
1933	1933	-8910	-75242	0	10000
1934	1934	-8820	-75242	0	10000
1935	1935	-8730	-75242	0	10000
1936	1936	-8640	-75242	0	10000
1937	1937	-8550	-75242	0	10000
1938	1938	-8460	-75242	0	10000
1939	1939	-8370	-75242	0	10000
1940	1940	-8280	-75242	0	10000
1941	1941	-8190	-75242	0	10000
1942	1942	-8100	-75242	0	10000
1943	1943	-8010	-75242	0	10000
1944	1944	-7920	-75242	0	10000
1945	1945	-7830	-75242	0	10000
1946	1946	-7740	-75242	0	10000
1947	1947	-7650	-75242	0	10000
1948	1948	-7560	-75242	0	10000
1949	1949	-7470	-75242	0	10000
1950	1950	-7380	-75242	0	10000
1951	1951	-7290	-75242	0	10000
1952	1952	-7200	-75242	0	10000
1953	1953	-7110	-75242	0	10000
1954	1954	-7020	-75242	0	10000
1955	1955	-6930	-75242	0	10000
1956	1956	-6840	-75242	0	10000
1957	1957	-6750	-75242	0	10000
1958	1958	-6660	-75242	0	10000
1959	1959	-6570	-75242	0	10000
1960	1960	-6480	-75242	0	10000
1961	1961	-6390	-75242	0	10000
1962	1962	-6300	-75242	0	10000
1963	1963	-6210	-75242	0	10000
1964	1964	-6120	-75242	0	10000
1965	1965	-6030	-75242	0	10000
1966	1966	-5940	-75242	0	10000
1967	1967	-5850	-75242	0	10000
1968	1968	-5760	-75242	0	10000
1969	1969	-5670	-75242	0	10000
1970	1970	-5580	-75242	0	10000
1971	1971	-5490	-75242	0	10000
1972	1972	-5400	-75242	0	10000
1973	1973	-5310	-75242	0	10000
1974	1974	-5220	-75242	0	10000
1975	1975	-5130	-75242	0	10000
1976	1976	-5040	-75242	0	10000
1977	1977	-4950	-75242	0	10000
1978	1978	-4860	-75242	0	10000
1979	1979	-4770	-75242	0	10000
1980	1980	-4680	-75242	0	10000
1981	1981	-4590	-75242	0	10000
1982	1982	-4500	-75242	0	10000
1983	1983	-4410	-75242	0	10000
1984	1984	-4320	-75242	0	10000
1985	1985	-4230	-75242	0	10000
1986	1986	-4140	-75242	0	10000
1987	1987	-4050	-75242	0	10000
1988	1988	-3960	-75242	0	10000
1989	1989	-3870	-75242	0	10000
1990	1990	-3780	-75242	0	10000
1991	1991	-3690	-75242	0	10000
1992	1992	-3600	-75242	0	10000
1993	1993	-3510	-75242	0	10000
1994	1994	-3420	-75242	0	10000
1995	1995	-3330	-75242	0	10000
1996	1996	-3240	-75242	0	10000
1997	1997	-3150	-75242	0	10000
1998	1998	-3060	-75242	0	10000
1999	1999	-2970	-75242	0	10000
2000	2000	-2880	-75242	0	10000
2001	2001	-2790	-75242	0	10000
2002	2002	-2700	-75242	0	10000
2003	2003	-2610	-75242	0	10000
2004	2004	-2520	-75242	0	10000
2005	2005	-2430	-75242	0	10000
2006	2006	-2340	-75242	0	10000
2007	2007	-2250	-75242	0	10000
2008	2008	-2160	-75242	0	10000
2009	2009	-2070	-75242	0	10000
2010	2010	-1980	-75242	0	10000
2011	2011	-1890	-75242	0	10000
2012	2012	-1800	-75242	0	10000
2013	2013	-1710	-75242	0	10000
2014	2014	-1620	-75242	0	10000
2015	2015	-1530	-75242	0	10000
2016	2016	-1440	-75242	0	10000
2017	2017	-1350	-75242	0	10000
2018	2018	-1260	-75242	0	10000
2019	2019	-1170	-75242	0	10000
2020	2020	-1080	-75242	0	10000
2021	2021	-990	-75242	0	10000
2022	2022	-900	-75242	0	10000
2023	2023	-810	-75242	0	10000
2024	2024	-720	-75242	0	10000
2025	2025	-630	-75242	0	10000
2026	2026	-540	-75242	0	10000
2027	2027	-450	-75242	0	10000
2028	2028	-360	-75242	0	10000
2029	2029	-270	-75242	0	10000
2030	2030	-180	-75242	0	10000
2031	2031	-90	-75242	0	10000
2032	2032	0	-75242	0	10000
2033	2033	0	-76042	0	10000
