# This pad file is for the IFX sensor for the 6inch runs

Campaign: Infineon 6inch Striplike teststructures					
Creator: Dominic Bloech 23.10.2018
				
reference pad: 1			
reference pad: 44					
reference pad: 22

# Additional parameters
implant_length: 0
metal_width: 35
implant_width: 25
metal_length: 0
pitch: 100
thickness: 240
type: p-type

strip	x	y	z
1	0	0,00	0
2	0	100,00	0
3	0	200,00	0
4	0	300,00	0
5	0	400,00	0
6	0	500,00	0
7	0	600,00	0
8	0	700,00	0
9	0	800,00	0
10	9817	2645,00	0
11	9817	2745,00	0
12	9817	2845,00	0
13	9817	2945,00	0
14	9817	3045,00	0
15	9817	3145,00	0
16	9817	3245,00	0
17	9817	3345,00	0
18	9817	3445,00	0
19	9817	3545,00	0
20	9817	3645,00	0
21	9817	3745,00	0
22	9817	3845,00	0
23	9817	3945,00	0
24	9817	4045,00	0
25	9817	4145,00	0
26	9817	4245,00	0
27	9817	4345,00	0
28	9817	4445,00	0
29	9817	4545,00	0
30	9817	4645,00	0
31	9817	4745,00	0
32	9817	4845,00	0
33	9817	4945,00	0
34	9817	5045,00	0
35	9817	5145,00	0
36	9817	5245,00	0
37	0	7090,00	0
38	0	7190,00	0
39	0	7290,00	0
40	0	7390,00	0
41	0	7490,00	0
42	0	7590,00	0
43	0	7690,00	0
44	0	7790,00	0

