# This pad file is for the HPK 2S sensor for the 6inch runs, contact in the middle

Campaign: Hamamatsu 6inch 2S					
Creator: Dominic Bloech 03.12.2018
				
reference pad: 2			
reference pad: 1017					
reference pad: 1016

# Additional parameters
implant_length: 0
metal_width: 32
implant_width: 22
metal_length: 49504
pitch: 90
thickness: 240
type: p-type

strip	x	y	z
1	0	0	0
2	0	-90	0
3	0	-180	0
4	0	-270	0
5	0	-360	0
6	0	-450	0
7	0	-540	0
8	0	-630	0
9	0	-720	0
10	0	-810	0
11	0	-900	0
12	0	-990	0
13	0	-1080	0
14	0	-1170	0
15	0	-1260	0
16	0	-1350	0
17	0	-1440	0
18	0	-1530	0
19	0	-1620	0
20	0	-1710	0
21	0	-1800	0
22	0	-1890	0
23	0	-1980	0
24	0	-2070	0
25	0	-2160	0
26	0	-2250	0
27	0	-2340	0
28	0	-2430	0
29	0	-2520	0
30	0	-2610	0
31	0	-2700	0
32	0	-2790	0
33	0	-2880	0
34	0	-2970	0
35	0	-3060	0
36	0	-3150	0
37	0	-3240	0
38	0	-3330	0
39	0	-3420	0
40	0	-3510	0
41	0	-3600	0
42	0	-3690	0
43	0	-3780	0
44	0	-3870	0
45	0	-3960	0
46	0	-4050	0
47	0	-4140	0
48	0	-4230	0
49	0	-4320	0
50	0	-4410	0
51	0	-4500	0
52	0	-4590	0
53	0	-4680	0
54	0	-4770	0
55	0	-4860	0
56	0	-4950	0
57	0	-5040	0
58	0	-5130	0
59	0	-5220	0
60	0	-5310	0
61	0	-5400	0
62	0	-5490	0
63	0	-5580	0
64	0	-5670	0
65	0	-5760	0
66	0	-5850	0
67	0	-5940	0
68	0	-6030	0
69	0	-6120	0
70	0	-6210	0
71	0	-6300	0
72	0	-6390	0
73	0	-6480	0
74	0	-6570	0
75	0	-6660	0
76	0	-6750	0
77	0	-6840	0
78	0	-6930	0
79	0	-7020	0
80	0	-7110	0
81	0	-7200	0
82	0	-7290	0
83	0	-7380	0
84	0	-7470	0
85	0	-7560	0
86	0	-7650	0
87	0	-7740	0
88	0	-7830	0
89	0	-7920	0
90	0	-8010	0
91	0	-8100	0
92	0	-8190	0
93	0	-8280	0
94	0	-8370	0
95	0	-8460	0
96	0	-8550	0
97	0	-8640	0
98	0	-8730	0
99	0	-8820	0
100	0	-8910	0
101	0	-9000	0
102	0	-9090	0
103	0	-9180	0
104	0	-9270	0
105	0	-9360	0
106	0	-9450	0
107	0	-9540	0
108	0	-9630	0
109	0	-9720	0
110	0	-9810	0
111	0	-9900	0
112	0	-9990	0
113	0	-10080	0
114	0	-10170	0
115	0	-10260	0
116	0	-10350	0
117	0	-10440	0
118	0	-10530	0
119	0	-10620	0
120	0	-10710	0
121	0	-10800	0
122	0	-10890	0
123	0	-10980	0
124	0	-11070	0
125	0	-11160	0
126	0	-11250	0
127	0	-11340	0
128	0	-11430	0
129	0	-11520	0
130	0	-11610	0
131	0	-11700	0
132	0	-11790	0
133	0	-11880	0
134	0	-11970	0
135	0	-12060	0
136	0	-12150	0
137	0	-12240	0
138	0	-12330	0
139	0	-12420	0
140	0	-12510	0
141	0	-12600	0
142	0	-12690	0
143	0	-12780	0
144	0	-12870	0
145	0	-12960	0
146	0	-13050	0
147	0	-13140	0
148	0	-13230	0
149	0	-13320	0
150	0	-13410	0
151	0	-13500	0
152	0	-13590	0
153	0	-13680	0
154	0	-13770	0
155	0	-13860	0
156	0	-13950	0
157	0	-14040	0
158	0	-14130	0
159	0	-14220	0
160	0	-14310	0
161	0	-14400	0
162	0	-14490	0
163	0	-14580	0
164	0	-14670	0
165	0	-14760	0
166	0	-14850	0
167	0	-14940	0
168	0	-15030	0
169	0	-15120	0
170	0	-15210	0
171	0	-15300	0
172	0	-15390	0
173	0	-15480	0
174	0	-15570	0
175	0	-15660	0
176	0	-15750	0
177	0	-15840	0
178	0	-15930	0
179	0	-16020	0
180	0	-16110	0
181	0	-16200	0
182	0	-16290	0
183	0	-16380	0
184	0	-16470	0
185	0	-16560	0
186	0	-16650	0
187	0	-16740	0
188	0	-16830	0
189	0	-16920	0
190	0	-17010	0
191	0	-17100	0
192	0	-17190	0
193	0	-17280	0
194	0	-17370	0
195	0	-17460	0
196	0	-17550	0
197	0	-17640	0
198	0	-17730	0
199	0	-17820	0
200	0	-17910	0
201	0	-18000	0
202	0	-18090	0
203	0	-18180	0
204	0	-18270	0
205	0	-18360	0
206	0	-18450	0
207	0	-18540	0
208	0	-18630	0
209	0	-18720	0
210	0	-18810	0
211	0	-18900	0
212	0	-18990	0
213	0	-19080	0
214	0	-19170	0
215	0	-19260	0
216	0	-19350	0
217	0	-19440	0
218	0	-19530	0
219	0	-19620	0
220	0	-19710	0
221	0	-19800	0
222	0	-19890	0
223	0	-19980	0
224	0	-20070	0
225	0	-20160	0
226	0	-20250	0
227	0	-20340	0
228	0	-20430	0
229	0	-20520	0
230	0	-20610	0
231	0	-20700	0
232	0	-20790	0
233	0	-20880	0
234	0	-20970	0
235	0	-21060	0
236	0	-21150	0
237	0	-21240	0
238	0	-21330	0
239	0	-21420	0
240	0	-21510	0
241	0	-21600	0
242	0	-21690	0
243	0	-21780	0
244	0	-21870	0
245	0	-21960	0
246	0	-22050	0
247	0	-22140	0
248	0	-22230	0
249	0	-22320	0
250	0	-22410	0
251	0	-22500	0
252	0	-22590	0
253	0	-22680	0
254	0	-22770	0
255	0	-22860	0
256	0	-22950	0
257	0	-23040	0
258	0	-23130	0
259	0	-23220	0
260	0	-23310	0
261	0	-23400	0
262	0	-23490	0
263	0	-23580	0
264	0	-23670	0
265	0	-23760	0
266	0	-23850	0
267	0	-23940	0
268	0	-24030	0
269	0	-24120	0
270	0	-24210	0
271	0	-24300	0
272	0	-24390	0
273	0	-24480	0
274	0	-24570	0
275	0	-24660	0
276	0	-24750	0
277	0	-24840	0
278	0	-24930	0
279	0	-25020	0
280	0	-25110	0
281	0	-25200	0
282	0	-25290	0
283	0	-25380	0
284	0	-25470	0
285	0	-25560	0
286	0	-25650	0
287	0	-25740	0
288	0	-25830	0
289	0	-25920	0
290	0	-26010	0
291	0	-26100	0
292	0	-26190	0
293	0	-26280	0
294	0	-26370	0
295	0	-26460	0
296	0	-26550	0
297	0	-26640	0
298	0	-26730	0
299	0	-26820	0
300	0	-26910	0
301	0	-27000	0
302	0	-27090	0
303	0	-27180	0
304	0	-27270	0
305	0	-27360	0
306	0	-27450	0
307	0	-27540	0
308	0	-27630	0
309	0	-27720	0
310	0	-27810	0
311	0	-27900	0
312	0	-27990	0
313	0	-28080	0
314	0	-28170	0
315	0	-28260	0
316	0	-28350	0
317	0	-28440	0
318	0	-28530	0
319	0	-28620	0
320	0	-28710	0
321	0	-28800	0
322	0	-28890	0
323	0	-28980	0
324	0	-29070	0
325	0	-29160	0
326	0	-29250	0
327	0	-29340	0
328	0	-29430	0
329	0	-29520	0
330	0	-29610	0
331	0	-29700	0
332	0	-29790	0
333	0	-29880	0
334	0	-29970	0
335	0	-30060	0
336	0	-30150	0
337	0	-30240	0
338	0	-30330	0
339	0	-30420	0
340	0	-30510	0
341	0	-30600	0
342	0	-30690	0
343	0	-30780	0
344	0	-30870	0
345	0	-30960	0
346	0	-31050	0
347	0	-31140	0
348	0	-31230	0
349	0	-31320	0
350	0	-31410	0
351	0	-31500	0
352	0	-31590	0
353	0	-31680	0
354	0	-31770	0
355	0	-31860	0
356	0	-31950	0
357	0	-32040	0
358	0	-32130	0
359	0	-32220	0
360	0	-32310	0
361	0	-32400	0
362	0	-32490	0
363	0	-32580	0
364	0	-32670	0
365	0	-32760	0
366	0	-32850	0
367	0	-32940	0
368	0	-33030	0
369	0	-33120	0
370	0	-33210	0
371	0	-33300	0
372	0	-33390	0
373	0	-33480	0
374	0	-33570	0
375	0	-33660	0
376	0	-33750	0
377	0	-33840	0
378	0	-33930	0
379	0	-34020	0
380	0	-34110	0
381	0	-34200	0
382	0	-34290	0
383	0	-34380	0
384	0	-34470	0
385	0	-34560	0
386	0	-34650	0
387	0	-34740	0
388	0	-34830	0
389	0	-34920	0
390	0	-35010	0
391	0	-35100	0
392	0	-35190	0
393	0	-35280	0
394	0	-35370	0
395	0	-35460	0
396	0	-35550	0
397	0	-35640	0
398	0	-35730	0
399	0	-35820	0
400	0	-35910	0
401	0	-36000	0
402	0	-36090	0
403	0	-36180	0
404	0	-36270	0
405	0	-36360	0
406	0	-36450	0
407	0	-36540	0
408	0	-36630	0
409	0	-36720	0
410	0	-36810	0
411	0	-36900	0
412	0	-36990	0
413	0	-37080	0
414	0	-37170	0
415	0	-37260	0
416	0	-37350	0
417	0	-37440	0
418	0	-37530	0
419	0	-37620	0
420	0	-37710	0
421	0	-37800	0
422	0	-37890	0
423	0	-37980	0
424	0	-38070	0
425	0	-38160	0
426	0	-38250	0
427	0	-38340	0
428	0	-38430	0
429	0	-38520	0
430	0	-38610	0
431	0	-38700	0
432	0	-38790	0
433	0	-38880	0
434	0	-38970	0
435	0	-39060	0
436	0	-39150	0
437	0	-39240	0
438	0	-39330	0
439	0	-39420	0
440	0	-39510	0
441	0	-39600	0
442	0	-39690	0
443	0	-39780	0
444	0	-39870	0
445	0	-39960	0
446	0	-40050	0
447	0	-40140	0
448	0	-40230	0
449	0	-40320	0
450	0	-40410	0
451	0	-40500	0
452	0	-40590	0
453	0	-40680	0
454	0	-40770	0
455	0	-40860	0
456	0	-40950	0
457	0	-41040	0
458	0	-41130	0
459	0	-41220	0
460	0	-41310	0
461	0	-41400	0
462	0	-41490	0
463	0	-41580	0
464	0	-41670	0
465	0	-41760	0
466	0	-41850	0
467	0	-41940	0
468	0	-42030	0
469	0	-42120	0
470	0	-42210	0
471	0	-42300	0
472	0	-42390	0
473	0	-42480	0
474	0	-42570	0
475	0	-42660	0
476	0	-42750	0
477	0	-42840	0
478	0	-42930	0
479	0	-43020	0
480	0	-43110	0
481	0	-43200	0
482	0	-43290	0
483	0	-43380	0
484	0	-43470	0
485	0	-43560	0
486	0	-43650	0
487	0	-43740	0
488	0	-43830	0
489	0	-43920	0
490	0	-44010	0
491	0	-44100	0
492	0	-44190	0
493	0	-44280	0
494	0	-44370	0
495	0	-44460	0
496	0	-44550	0
497	0	-44640	0
498	0	-44730	0
499	0	-44820	0
500	0	-44910	0
501	0	-45000	0
502	0	-45090	0
503	0	-45180	0
504	0	-45270	0
505	0	-45360	0
506	0	-45450	0
507	0	-45540	0
508	0	-45630	0
509	0	-45720	0
510	0	-45810	0
511	0	-45900	0
512	0	-45990	0
513	0	-46080	0
514	0	-46170	0
515	0	-46260	0
516	0	-46350	0
517	0	-46440	0
518	0	-46530	0
519	0	-46620	0
520	0	-46710	0
521	0	-46800	0
522	0	-46890	0
523	0	-46980	0
524	0	-47070	0
525	0	-47160	0
526	0	-47250	0
527	0	-47340	0
528	0	-47430	0
529	0	-47520	0
530	0	-47610	0
531	0	-47700	0
532	0	-47790	0
533	0	-47880	0
534	0	-47970	0
535	0	-48060	0
536	0	-48150	0
537	0	-48240	0
538	0	-48330	0
539	0	-48420	0
540	0	-48510	0
541	0	-48600	0
542	0	-48690	0
543	0	-48780	0
544	0	-48870	0
545	0	-48960	0
546	0	-49050	0
547	0	-49140	0
548	0	-49230	0
549	0	-49320	0
550	0	-49410	0
551	0	-49500	0
552	0	-49590	0
553	0	-49680	0
554	0	-49770	0
555	0	-49860	0
556	0	-49950	0
557	0	-50040	0
558	0	-50130	0
559	0	-50220	0
560	0	-50310	0
561	0	-50400	0
562	0	-50490	0
563	0	-50580	0
564	0	-50670	0
565	0	-50760	0
566	0	-50850	0
567	0	-50940	0
568	0	-51030	0
569	0	-51120	0
570	0	-51210	0
571	0	-51300	0
572	0	-51390	0
573	0	-51480	0
574	0	-51570	0
575	0	-51660	0
576	0	-51750	0
577	0	-51840	0
578	0	-51930	0
579	0	-52020	0
580	0	-52110	0
581	0	-52200	0
582	0	-52290	0
583	0	-52380	0
584	0	-52470	0
585	0	-52560	0
586	0	-52650	0
587	0	-52740	0
588	0	-52830	0
589	0	-52920	0
590	0	-53010	0
591	0	-53100	0
592	0	-53190	0
593	0	-53280	0
594	0	-53370	0
595	0	-53460	0
596	0	-53550	0
597	0	-53640	0
598	0	-53730	0
599	0	-53820	0
600	0	-53910	0
601	0	-54000	0
602	0	-54090	0
603	0	-54180	0
604	0	-54270	0
605	0	-54360	0
606	0	-54450	0
607	0	-54540	0
608	0	-54630	0
609	0	-54720	0
610	0	-54810	0
611	0	-54900	0
612	0	-54990	0
613	0	-55080	0
614	0	-55170	0
615	0	-55260	0
616	0	-55350	0
617	0	-55440	0
618	0	-55530	0
619	0	-55620	0
620	0	-55710	0
621	0	-55800	0
622	0	-55890	0
623	0	-55980	0
624	0	-56070	0
625	0	-56160	0
626	0	-56250	0
627	0	-56340	0
628	0	-56430	0
629	0	-56520	0
630	0	-56610	0
631	0	-56700	0
632	0	-56790	0
633	0	-56880	0
634	0	-56970	0
635	0	-57060	0
636	0	-57150	0
637	0	-57240	0
638	0	-57330	0
639	0	-57420	0
640	0	-57510	0
641	0	-57600	0
642	0	-57690	0
643	0	-57780	0
644	0	-57870	0
645	0	-57960	0
646	0	-58050	0
647	0	-58140	0
648	0	-58230	0
649	0	-58320	0
650	0	-58410	0
651	0	-58500	0
652	0	-58590	0
653	0	-58680	0
654	0	-58770	0
655	0	-58860	0
656	0	-58950	0
657	0	-59040	0
658	0	-59130	0
659	0	-59220	0
660	0	-59310	0
661	0	-59400	0
662	0	-59490	0
663	0	-59580	0
664	0	-59670	0
665	0	-59760	0
666	0	-59850	0
667	0	-59940	0
668	0	-60030	0
669	0	-60120	0
670	0	-60210	0
671	0	-60300	0
672	0	-60390	0
673	0	-60480	0
674	0	-60570	0
675	0	-60660	0
676	0	-60750	0
677	0	-60840	0
678	0	-60930	0
679	0	-61020	0
680	0	-61110	0
681	0	-61200	0
682	0	-61290	0
683	0	-61380	0
684	0	-61470	0
685	0	-61560	0
686	0	-61650	0
687	0	-61740	0
688	0	-61830	0
689	0	-61920	0
690	0	-62010	0
691	0	-62100	0
692	0	-62190	0
693	0	-62280	0
694	0	-62370	0
695	0	-62460	0
696	0	-62550	0
697	0	-62640	0
698	0	-62730	0
699	0	-62820	0
700	0	-62910	0
701	0	-63000	0
702	0	-63090	0
703	0	-63180	0
704	0	-63270	0
705	0	-63360	0
706	0	-63450	0
707	0	-63540	0
708	0	-63630	0
709	0	-63720	0
710	0	-63810	0
711	0	-63900	0
712	0	-63990	0
713	0	-64080	0
714	0	-64170	0
715	0	-64260	0
716	0	-64350	0
717	0	-64440	0
718	0	-64530	0
719	0	-64620	0
720	0	-64710	0
721	0	-64800	0
722	0	-64890	0
723	0	-64980	0
724	0	-65070	0
725	0	-65160	0
726	0	-65250	0
727	0	-65340	0
728	0	-65430	0
729	0	-65520	0
730	0	-65610	0
731	0	-65700	0
732	0	-65790	0
733	0	-65880	0
734	0	-65970	0
735	0	-66060	0
736	0	-66150	0
737	0	-66240	0
738	0	-66330	0
739	0	-66420	0
740	0	-66510	0
741	0	-66600	0
742	0	-66690	0
743	0	-66780	0
744	0	-66870	0
745	0	-66960	0
746	0	-67050	0
747	0	-67140	0
748	0	-67230	0
749	0	-67320	0
750	0	-67410	0
751	0	-67500	0
752	0	-67590	0
753	0	-67680	0
754	0	-67770	0
755	0	-67860	0
756	0	-67950	0
757	0	-68040	0
758	0	-68130	0
759	0	-68220	0
760	0	-68310	0
761	0	-68400	0
762	0	-68490	0
763	0	-68580	0
764	0	-68670	0
765	0	-68760	0
766	0	-68850	0
767	0	-68940	0
768	0	-69030	0
769	0	-69120	0
770	0	-69210	0
771	0	-69300	0
772	0	-69390	0
773	0	-69480	0
774	0	-69570	0
775	0	-69660	0
776	0	-69750	0
777	0	-69840	0
778	0	-69930	0
779	0	-70020	0
780	0	-70110	0
781	0	-70200	0
782	0	-70290	0
783	0	-70380	0
784	0	-70470	0
785	0	-70560	0
786	0	-70650	0
787	0	-70740	0
788	0	-70830	0
789	0	-70920	0
790	0	-71010	0
791	0	-71100	0
792	0	-71190	0
793	0	-71280	0
794	0	-71370	0
795	0	-71460	0
796	0	-71550	0
797	0	-71640	0
798	0	-71730	0
799	0	-71820	0
800	0	-71910	0
801	0	-72000	0
802	0	-72090	0
803	0	-72180	0
804	0	-72270	0
805	0	-72360	0
806	0	-72450	0
807	0	-72540	0
808	0	-72630	0
809	0	-72720	0
810	0	-72810	0
811	0	-72900	0
812	0	-72990	0
813	0	-73080	0
814	0	-73170	0
815	0	-73260	0
816	0	-73350	0
817	0	-73440	0
818	0	-73530	0
819	0	-73620	0
820	0	-73710	0
821	0	-73800	0
822	0	-73890	0
823	0	-73980	0
824	0	-74070	0
825	0	-74160	0
826	0	-74250	0
827	0	-74340	0
828	0	-74430	0
829	0	-74520	0
830	0	-74610	0
831	0	-74700	0
832	0	-74790	0
833	0	-74880	0
834	0	-74970	0
835	0	-75060	0
836	0	-75150	0
837	0	-75240	0
838	0	-75330	0
839	0	-75420	0
840	0	-75510	0
841	0	-75600	0
842	0	-75690	0
843	0	-75780	0
844	0	-75870	0
845	0	-75960	0
846	0	-76050	0
847	0	-76140	0
848	0	-76230	0
849	0	-76320	0
850	0	-76410	0
851	0	-76500	0
852	0	-76590	0
853	0	-76680	0
854	0	-76770	0
855	0	-76860	0
856	0	-76950	0
857	0	-77040	0
858	0	-77130	0
859	0	-77220	0
860	0	-77310	0
861	0	-77400	0
862	0	-77490	0
863	0	-77580	0
864	0	-77670	0
865	0	-77760	0
866	0	-77850	0
867	0	-77940	0
868	0	-78030	0
869	0	-78120	0
870	0	-78210	0
871	0	-78300	0
872	0	-78390	0
873	0	-78480	0
874	0	-78570	0
875	0	-78660	0
876	0	-78750	0
877	0	-78840	0
878	0	-78930	0
879	0	-79020	0
880	0	-79110	0
881	0	-79200	0
882	0	-79290	0
883	0	-79380	0
884	0	-79470	0
885	0	-79560	0
886	0	-79650	0
887	0	-79740	0
888	0	-79830	0
889	0	-79920	0
890	0	-80010	0
891	0	-80100	0
892	0	-80190	0
893	0	-80280	0
894	0	-80370	0
895	0	-80460	0
896	0	-80550	0
897	0	-80640	0
898	0	-80730	0
899	0	-80820	0
900	0	-80910	0
901	0	-81000	0
902	0	-81090	0
903	0	-81180	0
904	0	-81270	0
905	0	-81360	0
906	0	-81450	0
907	0	-81540	0
908	0	-81630	0
909	0	-81720	0
910	0	-81810	0
911	0	-81900	0
912	0	-81990	0
913	0	-82080	0
914	0	-82170	0
915	0	-82260	0
916	0	-82350	0
917	0	-82440	0
918	0	-82530	0
919	0	-82620	0
920	0	-82710	0
921	0	-82800	0
922	0	-82890	0
923	0	-82980	0
924	0	-83070	0
925	0	-83160	0
926	0	-83250	0
927	0	-83340	0
928	0	-83430	0
929	0	-83520	0
930	0	-83610	0
931	0	-83700	0
932	0	-83790	0
933	0	-83880	0
934	0	-83970	0
935	0	-84060	0
936	0	-84150	0
937	0	-84240	0
938	0	-84330	0
939	0	-84420	0
940	0	-84510	0
941	0	-84600	0
942	0	-84690	0
943	0	-84780	0
944	0	-84870	0
945	0	-84960	0
946	0	-85050	0
947	0	-85140	0
948	0	-85230	0
949	0	-85320	0
950	0	-85410	0
951	0	-85500	0
952	0	-85590	0
953	0	-85680	0
954	0	-85770	0
955	0	-85860	0
956	0	-85950	0
957	0	-86040	0
958	0	-86130	0
959	0	-86220	0
960	0	-86310	0
961	0	-86400	0
962	0	-86490	0
963	0	-86580	0
964	0	-86670	0
965	0	-86760	0
966	0	-86850	0
967	0	-86940	0
968	0	-87030	0
969	0	-87120	0
970	0	-87210	0
971	0	-87300	0
972	0	-87390	0
973	0	-87480	0
974	0	-87570	0
975	0	-87660	0
976	0	-87750	0
977	0	-87840	0
978	0	-87930	0
979	0	-88020	0
980	0	-88110	0
981	0	-88200	0
982	0	-88290	0
983	0	-88380	0
984	0	-88470	0
985	0	-88560	0
986	0	-88650	0
987	0	-88740	0
988	0	-88830	0
989	0	-88920	0
990	0	-89010	0
991	0	-89100	0
992	0	-89190	0
993	0	-89280	0
994	0	-89370	0
995	0	-89460	0
996	0	-89550	0
997	0	-89640	0
998	0	-89730	0
999	0	-89820	0
1000	0	-89910	0
1001	0	-90000	0
1002	0	-90090	0
1003	0	-90180	0
1004	0	-90270	0
1005	0	-90360	0
1006	0	-90450	0
1007	0	-90540	0
1008	0	-90630	0
1009	0	-90720	0
1010	0	-90810	0
1011	0	-90900	0
1012	0	-90990	0
1013	0	-91080	0
1014	0	-91170	0
1015	0	-91260	0
1016	0	-91350	0
1017	49908	-91350	0
1018	49908	-91260	0
1019	49908	-91170	0
1020	49908	-91080	0
1021	49908	-90990	0
1022	49908	-90900	0
1023	49908	-90810	0
1024	49908	-90720	0
1025	49908	-90630	0
1026	49908	-90540	0
1027	49908	-90450	0
1028	49908	-90360	0
1029	49908	-90270	0
1030	49908	-90180	0
1031	49908	-90090	0
1032	49908	-90000	0
1033	49908	-89910	0
1034	49908	-89820	0
1035	49908	-89730	0
1036	49908	-89640	0
1037	49908	-89550	0
1038	49908	-89460	0
1039	49908	-89370	0
1040	49908	-89280	0
1041	49908	-89190	0
1042	49908	-89100	0
1043	49908	-89010	0
1044	49908	-88920	0
1045	49908	-88830	0
1046	49908	-88740	0
1047	49908	-88650	0
1048	49908	-88560	0
1049	49908	-88470	0
1050	49908	-88380	0
1051	49908	-88290	0
1052	49908	-88200	0
1053	49908	-88110	0
1054	49908	-88020	0
1055	49908	-87930	0
1056	49908	-87840	0
1057	49908	-87750	0
1058	49908	-87660	0
1059	49908	-87570	0
1060	49908	-87480	0
1061	49908	-87390	0
1062	49908	-87300	0
1063	49908	-87210	0
1064	49908	-87120	0
1065	49908	-87030	0
1066	49908	-86940	0
1067	49908	-86850	0
1068	49908	-86760	0
1069	49908	-86670	0
1070	49908	-86580	0
1071	49908	-86490	0
1072	49908	-86400	0
1073	49908	-86310	0
1074	49908	-86220	0
1075	49908	-86130	0
1076	49908	-86040	0
1077	49908	-85950	0
1078	49908	-85860	0
1079	49908	-85770	0
1080	49908	-85680	0
1081	49908	-85590	0
1082	49908	-85500	0
1083	49908	-85410	0
1084	49908	-85320	0
1085	49908	-85230	0
1086	49908	-85140	0
1087	49908	-85050	0
1088	49908	-84960	0
1089	49908	-84870	0
1090	49908	-84780	0
1091	49908	-84690	0
1092	49908	-84600	0
1093	49908	-84510	0
1094	49908	-84420	0
1095	49908	-84330	0
1096	49908	-84240	0
1097	49908	-84150	0
1098	49908	-84060	0
1099	49908	-83970	0
1100	49908	-83880	0
1101	49908	-83790	0
1102	49908	-83700	0
1103	49908	-83610	0
1104	49908	-83520	0
1105	49908	-83430	0
1106	49908	-83340	0
1107	49908	-83250	0
1108	49908	-83160	0
1109	49908	-83070	0
1110	49908	-82980	0
1111	49908	-82890	0
1112	49908	-82800	0
1113	49908	-82710	0
1114	49908	-82620	0
1115	49908	-82530	0
1116	49908	-82440	0
1117	49908	-82350	0
1118	49908	-82260	0
1119	49908	-82170	0
1120	49908	-82080	0
1121	49908	-81990	0
1122	49908	-81900	0
1123	49908	-81810	0
1124	49908	-81720	0
1125	49908	-81630	0
1126	49908	-81540	0
1127	49908	-81450	0
1128	49908	-81360	0
1129	49908	-81270	0
1130	49908	-81180	0
1131	49908	-81090	0
1132	49908	-81000	0
1133	49908	-80910	0
1134	49908	-80820	0
1135	49908	-80730	0
1136	49908	-80640	0
1137	49908	-80550	0
1138	49908	-80460	0
1139	49908	-80370	0
1140	49908	-80280	0
1141	49908	-80190	0
1142	49908	-80100	0
1143	49908	-80010	0
1144	49908	-79920	0
1145	49908	-79830	0
1146	49908	-79740	0
1147	49908	-79650	0
1148	49908	-79560	0
1149	49908	-79470	0
1150	49908	-79380	0
1151	49908	-79290	0
1152	49908	-79200	0
1153	49908	-79110	0
1154	49908	-79020	0
1155	49908	-78930	0
1156	49908	-78840	0
1157	49908	-78750	0
1158	49908	-78660	0
1159	49908	-78570	0
1160	49908	-78480	0
1161	49908	-78390	0
1162	49908	-78300	0
1163	49908	-78210	0
1164	49908	-78120	0
1165	49908	-78030	0
1166	49908	-77940	0
1167	49908	-77850	0
1168	49908	-77760	0
1169	49908	-77670	0
1170	49908	-77580	0
1171	49908	-77490	0
1172	49908	-77400	0
1173	49908	-77310	0
1174	49908	-77220	0
1175	49908	-77130	0
1176	49908	-77040	0
1177	49908	-76950	0
1178	49908	-76860	0
1179	49908	-76770	0
1180	49908	-76680	0
1181	49908	-76590	0
1182	49908	-76500	0
1183	49908	-76410	0
1184	49908	-76320	0
1185	49908	-76230	0
1186	49908	-76140	0
1187	49908	-76050	0
1188	49908	-75960	0
1189	49908	-75870	0
1190	49908	-75780	0
1191	49908	-75690	0
1192	49908	-75600	0
1193	49908	-75510	0
1194	49908	-75420	0
1195	49908	-75330	0
1196	49908	-75240	0
1197	49908	-75150	0
1198	49908	-75060	0
1199	49908	-74970	0
1200	49908	-74880	0
1201	49908	-74790	0
1202	49908	-74700	0
1203	49908	-74610	0
1204	49908	-74520	0
1205	49908	-74430	0
1206	49908	-74340	0
1207	49908	-74250	0
1208	49908	-74160	0
1209	49908	-74070	0
1210	49908	-73980	0
1211	49908	-73890	0
1212	49908	-73800	0
1213	49908	-73710	0
1214	49908	-73620	0
1215	49908	-73530	0
1216	49908	-73440	0
1217	49908	-73350	0
1218	49908	-73260	0
1219	49908	-73170	0
1220	49908	-73080	0
1221	49908	-72990	0
1222	49908	-72900	0
1223	49908	-72810	0
1224	49908	-72720	0
1225	49908	-72630	0
1226	49908	-72540	0
1227	49908	-72450	0
1228	49908	-72360	0
1229	49908	-72270	0
1230	49908	-72180	0
1231	49908	-72090	0
1232	49908	-72000	0
1233	49908	-71910	0
1234	49908	-71820	0
1235	49908	-71730	0
1236	49908	-71640	0
1237	49908	-71550	0
1238	49908	-71460	0
1239	49908	-71370	0
1240	49908	-71280	0
1241	49908	-71190	0
1242	49908	-71100	0
1243	49908	-71010	0
1244	49908	-70920	0
1245	49908	-70830	0
1246	49908	-70740	0
1247	49908	-70650	0
1248	49908	-70560	0
1249	49908	-70470	0
1250	49908	-70380	0
1251	49908	-70290	0
1252	49908	-70200	0
1253	49908	-70110	0
1254	49908	-70020	0
1255	49908	-69930	0
1256	49908	-69840	0
1257	49908	-69750	0
1258	49908	-69660	0
1259	49908	-69570	0
1260	49908	-69480	0
1261	49908	-69390	0
1262	49908	-69300	0
1263	49908	-69210	0
1264	49908	-69120	0
1265	49908	-69030	0
1266	49908	-68940	0
1267	49908	-68850	0
1268	49908	-68760	0
1269	49908	-68670	0
1270	49908	-68580	0
1271	49908	-68490	0
1272	49908	-68400	0
1273	49908	-68310	0
1274	49908	-68220	0
1275	49908	-68130	0
1276	49908	-68040	0
1277	49908	-67950	0
1278	49908	-67860	0
1279	49908	-67770	0
1280	49908	-67680	0
1281	49908	-67590	0
1282	49908	-67500	0
1283	49908	-67410	0
1284	49908	-67320	0
1285	49908	-67230	0
1286	49908	-67140	0
1287	49908	-67050	0
1288	49908	-66960	0
1289	49908	-66870	0
1290	49908	-66780	0
1291	49908	-66690	0
1292	49908	-66600	0
1293	49908	-66510	0
1294	49908	-66420	0
1295	49908	-66330	0
1296	49908	-66240	0
1297	49908	-66150	0
1298	49908	-66060	0
1299	49908	-65970	0
1300	49908	-65880	0
1301	49908	-65790	0
1302	49908	-65700	0
1303	49908	-65610	0
1304	49908	-65520	0
1305	49908	-65430	0
1306	49908	-65340	0
1307	49908	-65250	0
1308	49908	-65160	0
1309	49908	-65070	0
1310	49908	-64980	0
1311	49908	-64890	0
1312	49908	-64800	0
1313	49908	-64710	0
1314	49908	-64620	0
1315	49908	-64530	0
1316	49908	-64440	0
1317	49908	-64350	0
1318	49908	-64260	0
1319	49908	-64170	0
1320	49908	-64080	0
1321	49908	-63990	0
1322	49908	-63900	0
1323	49908	-63810	0
1324	49908	-63720	0
1325	49908	-63630	0
1326	49908	-63540	0
1327	49908	-63450	0
1328	49908	-63360	0
1329	49908	-63270	0
1330	49908	-63180	0
1331	49908	-63090	0
1332	49908	-63000	0
1333	49908	-62910	0
1334	49908	-62820	0
1335	49908	-62730	0
1336	49908	-62640	0
1337	49908	-62550	0
1338	49908	-62460	0
1339	49908	-62370	0
1340	49908	-62280	0
1341	49908	-62190	0
1342	49908	-62100	0
1343	49908	-62010	0
1344	49908	-61920	0
1345	49908	-61830	0
1346	49908	-61740	0
1347	49908	-61650	0
1348	49908	-61560	0
1349	49908	-61470	0
1350	49908	-61380	0
1351	49908	-61290	0
1352	49908	-61200	0
1353	49908	-61110	0
1354	49908	-61020	0
1355	49908	-60930	0
1356	49908	-60840	0
1357	49908	-60750	0
1358	49908	-60660	0
1359	49908	-60570	0
1360	49908	-60480	0
1361	49908	-60390	0
1362	49908	-60300	0
1363	49908	-60210	0
1364	49908	-60120	0
1365	49908	-60030	0
1366	49908	-59940	0
1367	49908	-59850	0
1368	49908	-59760	0
1369	49908	-59670	0
1370	49908	-59580	0
1371	49908	-59490	0
1372	49908	-59400	0
1373	49908	-59310	0
1374	49908	-59220	0
1375	49908	-59130	0
1376	49908	-59040	0
1377	49908	-58950	0
1378	49908	-58860	0
1379	49908	-58770	0
1380	49908	-58680	0
1381	49908	-58590	0
1382	49908	-58500	0
1383	49908	-58410	0
1384	49908	-58320	0
1385	49908	-58230	0
1386	49908	-58140	0
1387	49908	-58050	0
1388	49908	-57960	0
1389	49908	-57870	0
1390	49908	-57780	0
1391	49908	-57690	0
1392	49908	-57600	0
1393	49908	-57510	0
1394	49908	-57420	0
1395	49908	-57330	0
1396	49908	-57240	0
1397	49908	-57150	0
1398	49908	-57060	0
1399	49908	-56970	0
1400	49908	-56880	0
1401	49908	-56790	0
1402	49908	-56700	0
1403	49908	-56610	0
1404	49908	-56520	0
1405	49908	-56430	0
1406	49908	-56340	0
1407	49908	-56250	0
1408	49908	-56160	0
1409	49908	-56070	0
1410	49908	-55980	0
1411	49908	-55890	0
1412	49908	-55800	0
1413	49908	-55710	0
1414	49908	-55620	0
1415	49908	-55530	0
1416	49908	-55440	0
1417	49908	-55350	0
1418	49908	-55260	0
1419	49908	-55170	0
1420	49908	-55080	0
1421	49908	-54990	0
1422	49908	-54900	0
1423	49908	-54810	0
1424	49908	-54720	0
1425	49908	-54630	0
1426	49908	-54540	0
1427	49908	-54450	0
1428	49908	-54360	0
1429	49908	-54270	0
1430	49908	-54180	0
1431	49908	-54090	0
1432	49908	-54000	0
1433	49908	-53910	0
1434	49908	-53820	0
1435	49908	-53730	0
1436	49908	-53640	0
1437	49908	-53550	0
1438	49908	-53460	0
1439	49908	-53370	0
1440	49908	-53280	0
1441	49908	-53190	0
1442	49908	-53100	0
1443	49908	-53010	0
1444	49908	-52920	0
1445	49908	-52830	0
1446	49908	-52740	0
1447	49908	-52650	0
1448	49908	-52560	0
1449	49908	-52470	0
1450	49908	-52380	0
1451	49908	-52290	0
1452	49908	-52200	0
1453	49908	-52110	0
1454	49908	-52020	0
1455	49908	-51930	0
1456	49908	-51840	0
1457	49908	-51750	0
1458	49908	-51660	0
1459	49908	-51570	0
1460	49908	-51480	0
1461	49908	-51390	0
1462	49908	-51300	0
1463	49908	-51210	0
1464	49908	-51120	0
1465	49908	-51030	0
1466	49908	-50940	0
1467	49908	-50850	0
1468	49908	-50760	0
1469	49908	-50670	0
1470	49908	-50580	0
1471	49908	-50490	0
1472	49908	-50400	0
1473	49908	-50310	0
1474	49908	-50220	0
1475	49908	-50130	0
1476	49908	-50040	0
1477	49908	-49950	0
1478	49908	-49860	0
1479	49908	-49770	0
1480	49908	-49680	0
1481	49908	-49590	0
1482	49908	-49500	0
1483	49908	-49410	0
1484	49908	-49320	0
1485	49908	-49230	0
1486	49908	-49140	0
1487	49908	-49050	0
1488	49908	-48960	0
1489	49908	-48870	0
1490	49908	-48780	0
1491	49908	-48690	0
1492	49908	-48600	0
1493	49908	-48510	0
1494	49908	-48420	0
1495	49908	-48330	0
1496	49908	-48240	0
1497	49908	-48150	0
1498	49908	-48060	0
1499	49908	-47970	0
1500	49908	-47880	0
1501	49908	-47790	0
1502	49908	-47700	0
1503	49908	-47610	0
1504	49908	-47520	0
1505	49908	-47430	0
1506	49908	-47340	0
1507	49908	-47250	0
1508	49908	-47160	0
1509	49908	-47070	0
1510	49908	-46980	0
1511	49908	-46890	0
1512	49908	-46800	0
1513	49908	-46710	0
1514	49908	-46620	0
1515	49908	-46530	0
1516	49908	-46440	0
1517	49908	-46350	0
1518	49908	-46260	0
1519	49908	-46170	0
1520	49908	-46080	0
1521	49908	-45990	0
1522	49908	-45900	0
1523	49908	-45810	0
1524	49908	-45720	0
1525	49908	-45630	0
1526	49908	-45540	0
1527	49908	-45450	0
1528	49908	-45360	0
1529	49908	-45270	0
1530	49908	-45180	0
1531	49908	-45090	0
1532	49908	-45000	0
1533	49908	-44910	0
1534	49908	-44820	0
1535	49908	-44730	0
1536	49908	-44640	0
1537	49908	-44550	0
1538	49908	-44460	0
1539	49908	-44370	0
1540	49908	-44280	0
1541	49908	-44190	0
1542	49908	-44100	0
1543	49908	-44010	0
1544	49908	-43920	0
1545	49908	-43830	0
1546	49908	-43740	0
1547	49908	-43650	0
1548	49908	-43560	0
1549	49908	-43470	0
1550	49908	-43380	0
1551	49908	-43290	0
1552	49908	-43200	0
1553	49908	-43110	0
1554	49908	-43020	0
1555	49908	-42930	0
1556	49908	-42840	0
1557	49908	-42750	0
1558	49908	-42660	0
1559	49908	-42570	0
1560	49908	-42480	0
1561	49908	-42390	0
1562	49908	-42300	0
1563	49908	-42210	0
1564	49908	-42120	0
1565	49908	-42030	0
1566	49908	-41940	0
1567	49908	-41850	0
1568	49908	-41760	0
1569	49908	-41670	0
1570	49908	-41580	0
1571	49908	-41490	0
1572	49908	-41400	0
1573	49908	-41310	0
1574	49908	-41220	0
1575	49908	-41130	0
1576	49908	-41040	0
1577	49908	-40950	0
1578	49908	-40860	0
1579	49908	-40770	0
1580	49908	-40680	0
1581	49908	-40590	0
1582	49908	-40500	0
1583	49908	-40410	0
1584	49908	-40320	0
1585	49908	-40230	0
1586	49908	-40140	0
1587	49908	-40050	0
1588	49908	-39960	0
1589	49908	-39870	0
1590	49908	-39780	0
1591	49908	-39690	0
1592	49908	-39600	0
1593	49908	-39510	0
1594	49908	-39420	0
1595	49908	-39330	0
1596	49908	-39240	0
1597	49908	-39150	0
1598	49908	-39060	0
1599	49908	-38970	0
1600	49908	-38880	0
1601	49908	-38790	0
1602	49908	-38700	0
1603	49908	-38610	0
1604	49908	-38520	0
1605	49908	-38430	0
1606	49908	-38340	0
1607	49908	-38250	0
1608	49908	-38160	0
1609	49908	-38070	0
1610	49908	-37980	0
1611	49908	-37890	0
1612	49908	-37800	0
1613	49908	-37710	0
1614	49908	-37620	0
1615	49908	-37530	0
1616	49908	-37440	0
1617	49908	-37350	0
1618	49908	-37260	0
1619	49908	-37170	0
1620	49908	-37080	0
1621	49908	-36990	0
1622	49908	-36900	0
1623	49908	-36810	0
1624	49908	-36720	0
1625	49908	-36630	0
1626	49908	-36540	0
1627	49908	-36450	0
1628	49908	-36360	0
1629	49908	-36270	0
1630	49908	-36180	0
1631	49908	-36090	0
1632	49908	-36000	0
1633	49908	-35910	0
1634	49908	-35820	0
1635	49908	-35730	0
1636	49908	-35640	0
1637	49908	-35550	0
1638	49908	-35460	0
1639	49908	-35370	0
1640	49908	-35280	0
1641	49908	-35190	0
1642	49908	-35100	0
1643	49908	-35010	0
1644	49908	-34920	0
1645	49908	-34830	0
1646	49908	-34740	0
1647	49908	-34650	0
1648	49908	-34560	0
1649	49908	-34470	0
1650	49908	-34380	0
1651	49908	-34290	0
1652	49908	-34200	0
1653	49908	-34110	0
1654	49908	-34020	0
1655	49908	-33930	0
1656	49908	-33840	0
1657	49908	-33750	0
1658	49908	-33660	0
1659	49908	-33570	0
1660	49908	-33480	0
1661	49908	-33390	0
1662	49908	-33300	0
1663	49908	-33210	0
1664	49908	-33120	0
1665	49908	-33030	0
1666	49908	-32940	0
1667	49908	-32850	0
1668	49908	-32760	0
1669	49908	-32670	0
1670	49908	-32580	0
1671	49908	-32490	0
1672	49908	-32400	0
1673	49908	-32310	0
1674	49908	-32220	0
1675	49908	-32130	0
1676	49908	-32040	0
1677	49908	-31950	0
1678	49908	-31860	0
1679	49908	-31770	0
1680	49908	-31680	0
1681	49908	-31590	0
1682	49908	-31500	0
1683	49908	-31410	0
1684	49908	-31320	0
1685	49908	-31230	0
1686	49908	-31140	0
1687	49908	-31050	0
1688	49908	-30960	0
1689	49908	-30870	0
1690	49908	-30780	0
1691	49908	-30690	0
1692	49908	-30600	0
1693	49908	-30510	0
1694	49908	-30420	0
1695	49908	-30330	0
1696	49908	-30240	0
1697	49908	-30150	0
1698	49908	-30060	0
1699	49908	-29970	0
1700	49908	-29880	0
1701	49908	-29790	0
1702	49908	-29700	0
1703	49908	-29610	0
1704	49908	-29520	0
1705	49908	-29430	0
1706	49908	-29340	0
1707	49908	-29250	0
1708	49908	-29160	0
1709	49908	-29070	0
1710	49908	-28980	0
1711	49908	-28890	0
1712	49908	-28800	0
1713	49908	-28710	0
1714	49908	-28620	0
1715	49908	-28530	0
1716	49908	-28440	0
1717	49908	-28350	0
1718	49908	-28260	0
1719	49908	-28170	0
1720	49908	-28080	0
1721	49908	-27990	0
1722	49908	-27900	0
1723	49908	-27810	0
1724	49908	-27720	0
1725	49908	-27630	0
1726	49908	-27540	0
1727	49908	-27450	0
1728	49908	-27360	0
1729	49908	-27270	0
1730	49908	-27180	0
1731	49908	-27090	0
1732	49908	-27000	0
1733	49908	-26910	0
1734	49908	-26820	0
1735	49908	-26730	0
1736	49908	-26640	0
1737	49908	-26550	0
1738	49908	-26460	0
1739	49908	-26370	0
1740	49908	-26280	0
1741	49908	-26190	0
1742	49908	-26100	0
1743	49908	-26010	0
1744	49908	-25920	0
1745	49908	-25830	0
1746	49908	-25740	0
1747	49908	-25650	0
1748	49908	-25560	0
1749	49908	-25470	0
1750	49908	-25380	0
1751	49908	-25290	0
1752	49908	-25200	0
1753	49908	-25110	0
1754	49908	-25020	0
1755	49908	-24930	0
1756	49908	-24840	0
1757	49908	-24750	0
1758	49908	-24660	0
1759	49908	-24570	0
1760	49908	-24480	0
1761	49908	-24390	0
1762	49908	-24300	0
1763	49908	-24210	0
1764	49908	-24120	0
1765	49908	-24030	0
1766	49908	-23940	0
1767	49908	-23850	0
1768	49908	-23760	0
1769	49908	-23670	0
1770	49908	-23580	0
1771	49908	-23490	0
1772	49908	-23400	0
1773	49908	-23310	0
1774	49908	-23220	0
1775	49908	-23130	0
1776	49908	-23040	0
1777	49908	-22950	0
1778	49908	-22860	0
1779	49908	-22770	0
1780	49908	-22680	0
1781	49908	-22590	0
1782	49908	-22500	0
1783	49908	-22410	0
1784	49908	-22320	0
1785	49908	-22230	0
1786	49908	-22140	0
1787	49908	-22050	0
1788	49908	-21960	0
1789	49908	-21870	0
1790	49908	-21780	0
1791	49908	-21690	0
1792	49908	-21600	0
1793	49908	-21510	0
1794	49908	-21420	0
1795	49908	-21330	0
1796	49908	-21240	0
1797	49908	-21150	0
1798	49908	-21060	0
1799	49908	-20970	0
1800	49908	-20880	0
1801	49908	-20790	0
1802	49908	-20700	0
1803	49908	-20610	0
1804	49908	-20520	0
1805	49908	-20430	0
1806	49908	-20340	0
1807	49908	-20250	0
1808	49908	-20160	0
1809	49908	-20070	0
1810	49908	-19980	0
1811	49908	-19890	0
1812	49908	-19800	0
1813	49908	-19710	0
1814	49908	-19620	0
1815	49908	-19530	0
1816	49908	-19440	0
1817	49908	-19350	0
1818	49908	-19260	0
1819	49908	-19170	0
1820	49908	-19080	0
1821	49908	-18990	0
1822	49908	-18900	0
1823	49908	-18810	0
1824	49908	-18720	0
1825	49908	-18630	0
1826	49908	-18540	0
1827	49908	-18450	0
1828	49908	-18360	0
1829	49908	-18270	0
1830	49908	-18180	0
1831	49908	-18090	0
1832	49908	-18000	0
1833	49908	-17910	0
1834	49908	-17820	0
1835	49908	-17730	0
1836	49908	-17640	0
1837	49908	-17550	0
1838	49908	-17460	0
1839	49908	-17370	0
1840	49908	-17280	0
1841	49908	-17190	0
1842	49908	-17100	0
1843	49908	-17010	0
1844	49908	-16920	0
1845	49908	-16830	0
1846	49908	-16740	0
1847	49908	-16650	0
1848	49908	-16560	0
1849	49908	-16470	0
1850	49908	-16380	0
1851	49908	-16290	0
1852	49908	-16200	0
1853	49908	-16110	0
1854	49908	-16020	0
1855	49908	-15930	0
1856	49908	-15840	0
1857	49908	-15750	0
1858	49908	-15660	0
1859	49908	-15570	0
1860	49908	-15480	0
1861	49908	-15390	0
1862	49908	-15300	0
1863	49908	-15210	0
1864	49908	-15120	0
1865	49908	-15030	0
1866	49908	-14940	0
1867	49908	-14850	0
1868	49908	-14760	0
1869	49908	-14670	0
1870	49908	-14580	0
1871	49908	-14490	0
1872	49908	-14400	0
1873	49908	-14310	0
1874	49908	-14220	0
1875	49908	-14130	0
1876	49908	-14040	0
1877	49908	-13950	0
1878	49908	-13860	0
1879	49908	-13770	0
1880	49908	-13680	0
1881	49908	-13590	0
1882	49908	-13500	0
1883	49908	-13410	0
1884	49908	-13320	0
1885	49908	-13230	0
1886	49908	-13140	0
1887	49908	-13050	0
1888	49908	-12960	0
1889	49908	-12870	0
1890	49908	-12780	0
1891	49908	-12690	0
1892	49908	-12600	0
1893	49908	-12510	0
1894	49908	-12420	0
1895	49908	-12330	0
1896	49908	-12240	0
1897	49908	-12150	0
1898	49908	-12060	0
1899	49908	-11970	0
1900	49908	-11880	0
1901	49908	-11790	0
1902	49908	-11700	0
1903	49908	-11610	0
1904	49908	-11520	0
1905	49908	-11430	0
1906	49908	-11340	0
1907	49908	-11250	0
1908	49908	-11160	0
1909	49908	-11070	0
1910	49908	-10980	0
1911	49908	-10890	0
1912	49908	-10800	0
1913	49908	-10710	0
1914	49908	-10620	0
1915	49908	-10530	0
1916	49908	-10440	0
1917	49908	-10350	0
1918	49908	-10260	0
1919	49908	-10170	0
1920	49908	-10080	0
1921	49908	-9990	0
1922	49908	-9900	0
1923	49908	-9810	0
1924	49908	-9720	0
1925	49908	-9630	0
1926	49908	-9540	0
1927	49908	-9450	0
1928	49908	-9360	0
1929	49908	-9270	0
1930	49908	-9180	0
1931	49908	-9090	0
1932	49908	-9000	0
1933	49908	-8910	0
1934	49908	-8820	0
1935	49908	-8730	0
1936	49908	-8640	0
1937	49908	-8550	0
1938	49908	-8460	0
1939	49908	-8370	0
1940	49908	-8280	0
1941	49908	-8190	0
1942	49908	-8100	0
1943	49908	-8010	0
1944	49908	-7920	0
1945	49908	-7830	0
1946	49908	-7740	0
1947	49908	-7650	0
1948	49908	-7560	0
1949	49908	-7470	0
1950	49908	-7380	0
1951	49908	-7290	0
1952	49908	-7200	0
1953	49908	-7110	0
1954	49908	-7020	0
1955	49908	-6930	0
1956	49908	-6840	0
1957	49908	-6750	0
1958	49908	-6660	0
1959	49908	-6570	0
1960	49908	-6480	0
1961	49908	-6390	0
1962	49908	-6300	0
1963	49908	-6210	0
1964	49908	-6120	0
1965	49908	-6030	0
1966	49908	-5940	0
1967	49908	-5850	0
1968	49908	-5760	0
1969	49908	-5670	0
1970	49908	-5580	0
1971	49908	-5490	0
1972	49908	-5400	0
1973	49908	-5310	0
1974	49908	-5220	0
1975	49908	-5130	0
1976	49908	-5040	0
1977	49908	-4950	0
1978	49908	-4860	0
1979	49908	-4770	0
1980	49908	-4680	0
1981	49908	-4590	0
1982	49908	-4500	0
1983	49908	-4410	0
1984	49908	-4320	0
1985	49908	-4230	0
1986	49908	-4140	0
1987	49908	-4050	0
1988	49908	-3960	0
1989	49908	-3870	0
1990	49908	-3780	0
1991	49908	-3690	0
1992	49908	-3600	0
1993	49908	-3510	0
1994	49908	-3420	0
1995	49908	-3330	0
1996	49908	-3240	0
1997	49908	-3150	0
1998	49908	-3060	0
1999	49908	-2970	0
2000	49908	-2880	0
2001	49908	-2790	0
2002	49908	-2700	0
2003	49908	-2610	0
2004	49908	-2520	0
2005	49908	-2430	0
2006	49908	-2340	0
2007	49908	-2250	0
2008	49908	-2160	0
2009	49908	-2070	0
2010	49908	-1980	0
2011	49908	-1890	0
2012	49908	-1800	0
2013	49908	-1710	0
2014	49908	-1620	0
2015	49908	-1530	0
2016	49908	-1440	0
2017	49908	-1350	0
2018	49908	-1260	0
2019	49908	-1170	0
2020	49908	-1080	0
2021	49908	-990	0
2022	49908	-900	0
2023	49908	-810	0
2024	49908	-720	0
2025	49908	-630	0
2026	49908	-540	0
2027	49908	-450	0
2028	49908	-360	0
2029	49908	-270	0
2030	49908	-180	0
2031	49908	-90	0
2032	49908	0	0
