# This pad file is for the HPK PSs sensor for the 6inch runs, contact in the middle

Campaign: Hamamatsu 6inch 2S					
Creator: Dominic Bloech 03.12.2018
				
reference pad: 1			
reference pad: 959					
reference pad: 962

second_side_start: 961

strip	x	y	z
1	0	0	0
2	0	-100	0
3	0	-200	0
4	0	-300	0
5	0	-400	0
6	0	-500	0
7	0	-600	0
8	0	-700	0
9	0	-800	0
10	0	-900	0
11	0	-1000	0
12	0	-1100	0
13	0	-1200	0
14	0	-1300	0
15	0	-1400	0
16	0	-1500	0
17	0	-1600	0
18	0	-1700	0
19	0	-1800	0
20	0	-1900	0
21	0	-2000	0
22	0	-2100	0
23	0	-2200	0
24	0	-2300	0
25	0	-2400	0
26	0	-2500	0
27	0	-2600	0
28	0	-2700	0
29	0	-2800	0
30	0	-2900	0
31	0	-3000	0
32	0	-3100	0
33	0	-3200	0
34	0	-3300	0
35	0	-3400	0
36	0	-3500	0
37	0	-3600	0
38	0	-3700	0
39	0	-3800	0
40	0	-3900	0
41	0	-4000	0
42	0	-4100	0
43	0	-4200	0
44	0	-4300	0
45	0	-4400	0
46	0	-4500	0
47	0	-4600	0
48	0	-4700	0
49	0	-4800	0
50	0	-4900	0
51	0	-5000	0
52	0	-5100	0
53	0	-5200	0
54	0	-5300	0
55	0	-5400	0
56	0	-5500	0
57	0	-5600	0
58	0	-5700	0
59	0	-5800	0
60	0	-5900	0
61	0	-6000	0
62	0	-6100	0
63	0	-6200	0
64	0	-6300	0
65	0	-6400	0
66	0	-6500	0
67	0	-6600	0
68	0	-6700	0
69	0	-6800	0
70	0	-6900	0
71	0	-7000	0
72	0	-7100	0
73	0	-7200	0
74	0	-7300	0
75	0	-7400	0
76	0	-7500	0
77	0	-7600	0
78	0	-7700	0
79	0	-7800	0
80	0	-7900	0
81	0	-8000	0
82	0	-8100	0
83	0	-8200	0
84	0	-8300	0
85	0	-8400	0
86	0	-8500	0
87	0	-8600	0
88	0	-8700	0
89	0	-8800	0
90	0	-8900	0
91	0	-9000	0
92	0	-9100	0
93	0	-9200	0
94	0	-9300	0
95	0	-9400	0
96	0	-9500	0
97	0	-9600	0
98	0	-9700	0
99	0	-9800	0
100	0	-9900	0
101	0	-10000	0
102	0	-10100	0
103	0	-10200	0
104	0	-10300	0
105	0	-10400	0
106	0	-10500	0
107	0	-10600	0
108	0	-10700	0
109	0	-10800	0
110	0	-10900	0
111	0	-11000	0
112	0	-11100	0
113	0	-11200	0
114	0	-11300	0
115	0	-11400	0
116	0	-11500	0
117	0	-11600	0
118	0	-11700	0
119	0	-11800	0
120	0	-11900	0
121	0	-12000	0
122	0	-12100	0
123	0	-12200	0
124	0	-12300	0
125	0	-12400	0
126	0	-12500	0
127	0	-12600	0
128	0	-12700	0
129	0	-12800	0
130	0	-12900	0
131	0	-13000	0
132	0	-13100	0
133	0	-13200	0
134	0	-13300	0
135	0	-13400	0
136	0	-13500	0
137	0	-13600	0
138	0	-13700	0
139	0	-13800	0
140	0	-13900	0
141	0	-14000	0
142	0	-14100	0
143	0	-14200	0
144	0	-14300	0
145	0	-14400	0
146	0	-14500	0
147	0	-14600	0
148	0	-14700	0
149	0	-14800	0
150	0	-14900	0
151	0	-15000	0
152	0	-15100	0
153	0	-15200	0
154	0	-15300	0
155	0	-15400	0
156	0	-15500	0
157	0	-15600	0
158	0	-15700	0
159	0	-15800	0
160	0	-15900	0
161	0	-16000	0
162	0	-16100	0
163	0	-16200	0
164	0	-16300	0
165	0	-16400	0
166	0	-16500	0
167	0	-16600	0
168	0	-16700	0
169	0	-16800	0
170	0	-16900	0
171	0	-17000	0
172	0	-17100	0
173	0	-17200	0
174	0	-17300	0
175	0	-17400	0
176	0	-17500	0
177	0	-17600	0
178	0	-17700	0
179	0	-17800	0
180	0	-17900	0
181	0	-18000	0
182	0	-18100	0
183	0	-18200	0
184	0	-18300	0
185	0	-18400	0
186	0	-18500	0
187	0	-18600	0
188	0	-18700	0
189	0	-18800	0
190	0	-18900	0
191	0	-19000	0
192	0	-19100	0
193	0	-19200	0
194	0	-19300	0
195	0	-19400	0
196	0	-19500	0
197	0	-19600	0
198	0	-19700	0
199	0	-19800	0
200	0	-19900	0
201	0	-20000	0
202	0	-20100	0
203	0	-20200	0
204	0	-20300	0
205	0	-20400	0
206	0	-20500	0
207	0	-20600	0
208	0	-20700	0
209	0	-20800	0
210	0	-20900	0
211	0	-21000	0
212	0	-21100	0
213	0	-21200	0
214	0	-21300	0
215	0	-21400	0
216	0	-21500	0
217	0	-21600	0
218	0	-21700	0
219	0	-21800	0
220	0	-21900	0
221	0	-22000	0
222	0	-22100	0
223	0	-22200	0
224	0	-22300	0
225	0	-22400	0
226	0	-22500	0
227	0	-22600	0
228	0	-22700	0
229	0	-22800	0
230	0	-22900	0
231	0	-23000	0
232	0	-23100	0
233	0	-23200	0
234	0	-23300	0
235	0	-23400	0
236	0	-23500	0
237	0	-23600	0
238	0	-23700	0
239	0	-23800	0
240	0	-23900	0
241	0	-24000	0
242	0	-24100	0
243	0	-24200	0
244	0	-24300	0
245	0	-24400	0
246	0	-24500	0
247	0	-24600	0
248	0	-24700	0
249	0	-24800	0
250	0	-24900	0
251	0	-25000	0
252	0	-25100	0
253	0	-25200	0
254	0	-25300	0
255	0	-25400	0
256	0	-25500	0
257	0	-25600	0
258	0	-25700	0
259	0	-25800	0
260	0	-25900	0
261	0	-26000	0
262	0	-26100	0
263	0	-26200	0
264	0	-26300	0
265	0	-26400	0
266	0	-26500	0
267	0	-26600	0
268	0	-26700	0
269	0	-26800	0
270	0	-26900	0
271	0	-27000	0
272	0	-27100	0
273	0	-27200	0
274	0	-27300	0
275	0	-27400	0
276	0	-27500	0
277	0	-27600	0
278	0	-27700	0
279	0	-27800	0
280	0	-27900	0
281	0	-28000	0
282	0	-28100	0
283	0	-28200	0
284	0	-28300	0
285	0	-28400	0
286	0	-28500	0
287	0	-28600	0
288	0	-28700	0
289	0	-28800	0
290	0	-28900	0
291	0	-29000	0
292	0	-29100	0
293	0	-29200	0
294	0	-29300	0
295	0	-29400	0
296	0	-29500	0
297	0	-29600	0
298	0	-29700	0
299	0	-29800	0
300	0	-29900	0
301	0	-30000	0
302	0	-30100	0
303	0	-30200	0
304	0	-30300	0
305	0	-30400	0
306	0	-30500	0
307	0	-30600	0
308	0	-30700	0
309	0	-30800	0
310	0	-30900	0
311	0	-31000	0
312	0	-31100	0
313	0	-31200	0
314	0	-31300	0
315	0	-31400	0
316	0	-31500	0
317	0	-31600	0
318	0	-31700	0
319	0	-31800	0
320	0	-31900	0
321	0	-32000	0
322	0	-32100	0
323	0	-32200	0
324	0	-32300	0
325	0	-32400	0
326	0	-32500	0
327	0	-32600	0
328	0	-32700	0
329	0	-32800	0
330	0	-32900	0
331	0	-33000	0
332	0	-33100	0
333	0	-33200	0
334	0	-33300	0
335	0	-33400	0
336	0	-33500	0
337	0	-33600	0
338	0	-33700	0
339	0	-33800	0
340	0	-33900	0
341	0	-34000	0
342	0	-34100	0
343	0	-34200	0
344	0	-34300	0
345	0	-34400	0
346	0	-34500	0
347	0	-34600	0
348	0	-34700	0
349	0	-34800	0
350	0	-34900	0
351	0	-35000	0
352	0	-35100	0
353	0	-35200	0
354	0	-35300	0
355	0	-35400	0
356	0	-35500	0
357	0	-35600	0
358	0	-35700	0
359	0	-35800	0
360	0	-35900	0
361	0	-36000	0
362	0	-36100	0
363	0	-36200	0
364	0	-36300	0
365	0	-36400	0
366	0	-36500	0
367	0	-36600	0
368	0	-36700	0
369	0	-36800	0
370	0	-36900	0
371	0	-37000	0
372	0	-37100	0
373	0	-37200	0
374	0	-37300	0
375	0	-37400	0
376	0	-37500	0
377	0	-37600	0
378	0	-37700	0
379	0	-37800	0
380	0	-37900	0
381	0	-38000	0
382	0	-38100	0
383	0	-38200	0
384	0	-38300	0
385	0	-38400	0
386	0	-38500	0
387	0	-38600	0
388	0	-38700	0
389	0	-38800	0
390	0	-38900	0
391	0	-39000	0
392	0	-39100	0
393	0	-39200	0
394	0	-39300	0
395	0	-39400	0
396	0	-39500	0
397	0	-39600	0
398	0	-39700	0
399	0	-39800	0
400	0	-39900	0
401	0	-40000	0
402	0	-40100	0
403	0	-40200	0
404	0	-40300	0
405	0	-40400	0
406	0	-40500	0
407	0	-40600	0
408	0	-40700	0
409	0	-40800	0
410	0	-40900	0
411	0	-41000	0
412	0	-41100	0
413	0	-41200	0
414	0	-41300	0
415	0	-41400	0
416	0	-41500	0
417	0	-41600	0
418	0	-41700	0
419	0	-41800	0
420	0	-41900	0
421	0	-42000	0
422	0	-42100	0
423	0	-42200	0
424	0	-42300	0
425	0	-42400	0
426	0	-42500	0
427	0	-42600	0
428	0	-42700	0
429	0	-42800	0
430	0	-42900	0
431	0	-43000	0
432	0	-43100	0
433	0	-43200	0
434	0	-43300	0
435	0	-43400	0
436	0	-43500	0
437	0	-43600	0
438	0	-43700	0
439	0	-43800	0
440	0	-43900	0
441	0	-44000	0
442	0	-44100	0
443	0	-44200	0
444	0	-44300	0
445	0	-44400	0
446	0	-44500	0
447	0	-44600	0
448	0	-44700	0
449	0	-44800	0
450	0	-44900	0
451	0	-45000	0
452	0	-45100	0
453	0	-45200	0
454	0	-45300	0
455	0	-45400	0
456	0	-45500	0
457	0	-45600	0
458	0	-45700	0
459	0	-45800	0
460	0	-45900	0
461	0	-46000	0
462	0	-46100	0
463	0	-46200	0
464	0	-46300	0
465	0	-46400	0
466	0	-46500	0
467	0	-46600	0
468	0	-46700	0
469	0	-46800	0
470	0	-46900	0
471	0	-47000	0
472	0	-47100	0
473	0	-47200	0
474	0	-47300	0
475	0	-47400	0
476	0	-47500	0
477	0	-47600	0
478	0	-47700	0
479	0	-47800	0
480	0	-47900	0
481	0	-48000	0
482	0	-48100	0
483	0	-48200	0
484	0	-48300	0
485	0	-48400	0
486	0	-48500	0
487	0	-48600	0
488	0	-48700	0
489	0	-48800	0
490	0	-48900	0
491	0	-49000	0
492	0	-49100	0
493	0	-49200	0
494	0	-49300	0
495	0	-49400	0
496	0	-49500	0
497	0	-49600	0
498	0	-49700	0
499	0	-49800	0
500	0	-49900	0
501	0	-50000	0
502	0	-50100	0
503	0	-50200	0
504	0	-50300	0
505	0	-50400	0
506	0	-50500	0
507	0	-50600	0
508	0	-50700	0
509	0	-50800	0
510	0	-50900	0
511	0	-51000	0
512	0	-51100	0
513	0	-51200	0
514	0	-51300	0
515	0	-51400	0
516	0	-51500	0
517	0	-51600	0
518	0	-51700	0
519	0	-51800	0
520	0	-51900	0
521	0	-52000	0
522	0	-52100	0
523	0	-52200	0
524	0	-52300	0
525	0	-52400	0
526	0	-52500	0
527	0	-52600	0
528	0	-52700	0
529	0	-52800	0
530	0	-52900	0
531	0	-53000	0
532	0	-53100	0
533	0	-53200	0
534	0	-53300	0
535	0	-53400	0
536	0	-53500	0
537	0	-53600	0
538	0	-53700	0
539	0	-53800	0
540	0	-53900	0
541	0	-54000	0
542	0	-54100	0
543	0	-54200	0
544	0	-54300	0
545	0	-54400	0
546	0	-54500	0
547	0	-54600	0
548	0	-54700	0
549	0	-54800	0
550	0	-54900	0
551	0	-55000	0
552	0	-55100	0
553	0	-55200	0
554	0	-55300	0
555	0	-55400	0
556	0	-55500	0
557	0	-55600	0
558	0	-55700	0
559	0	-55800	0
560	0	-55900	0
561	0	-56000	0
562	0	-56100	0
563	0	-56200	0
564	0	-56300	0
565	0	-56400	0
566	0	-56500	0
567	0	-56600	0
568	0	-56700	0
569	0	-56800	0
570	0	-56900	0
571	0	-57000	0
572	0	-57100	0
573	0	-57200	0
574	0	-57300	0
575	0	-57400	0
576	0	-57500	0
577	0	-57600	0
578	0	-57700	0
579	0	-57800	0
580	0	-57900	0
581	0	-58000	0
582	0	-58100	0
583	0	-58200	0
584	0	-58300	0
585	0	-58400	0
586	0	-58500	0
587	0	-58600	0
588	0	-58700	0
589	0	-58800	0
590	0	-58900	0
591	0	-59000	0
592	0	-59100	0
593	0	-59200	0
594	0	-59300	0
595	0	-59400	0
596	0	-59500	0
597	0	-59600	0
598	0	-59700	0
599	0	-59800	0
600	0	-59900	0
601	0	-60000	0
602	0	-60100	0
603	0	-60200	0
604	0	-60300	0
605	0	-60400	0
606	0	-60500	0
607	0	-60600	0
608	0	-60700	0
609	0	-60800	0
610	0	-60900	0
611	0	-61000	0
612	0	-61100	0
613	0	-61200	0
614	0	-61300	0
615	0	-61400	0
616	0	-61500	0
617	0	-61600	0
618	0	-61700	0
619	0	-61800	0
620	0	-61900	0
621	0	-62000	0
622	0	-62100	0
623	0	-62200	0
624	0	-62300	0
625	0	-62400	0
626	0	-62500	0
627	0	-62600	0
628	0	-62700	0
629	0	-62800	0
630	0	-62900	0
631	0	-63000	0
632	0	-63100	0
633	0	-63200	0
634	0	-63300	0
635	0	-63400	0
636	0	-63500	0
637	0	-63600	0
638	0	-63700	0
639	0	-63800	0
640	0	-63900	0
641	0	-64000	0
642	0	-64100	0
643	0	-64200	0
644	0	-64300	0
645	0	-64400	0
646	0	-64500	0
647	0	-64600	0
648	0	-64700	0
649	0	-64800	0
650	0	-64900	0
651	0	-65000	0
652	0	-65100	0
653	0	-65200	0
654	0	-65300	0
655	0	-65400	0
656	0	-65500	0
657	0	-65600	0
658	0	-65700	0
659	0	-65800	0
660	0	-65900	0
661	0	-66000	0
662	0	-66100	0
663	0	-66200	0
664	0	-66300	0
665	0	-66400	0
666	0	-66500	0
667	0	-66600	0
668	0	-66700	0
669	0	-66800	0
670	0	-66900	0
671	0	-67000	0
672	0	-67100	0
673	0	-67200	0
674	0	-67300	0
675	0	-67400	0
676	0	-67500	0
677	0	-67600	0
678	0	-67700	0
679	0	-67800	0
680	0	-67900	0
681	0	-68000	0
682	0	-68100	0
683	0	-68200	0
684	0	-68300	0
685	0	-68400	0
686	0	-68500	0
687	0	-68600	0
688	0	-68700	0
689	0	-68800	0
690	0	-68900	0
691	0	-69000	0
692	0	-69100	0
693	0	-69200	0
694	0	-69300	0
695	0	-69400	0
696	0	-69500	0
697	0	-69600	0
698	0	-69700	0
699	0	-69800	0
700	0	-69900	0
701	0	-70000	0
702	0	-70100	0
703	0	-70200	0
704	0	-70300	0
705	0	-70400	0
706	0	-70500	0
707	0	-70600	0
708	0	-70700	0
709	0	-70800	0
710	0	-70900	0
711	0	-71000	0
712	0	-71100	0
713	0	-71200	0
714	0	-71300	0
715	0	-71400	0
716	0	-71500	0
717	0	-71600	0
718	0	-71700	0
719	0	-71800	0
720	0	-71900	0
721	0	-72000	0
722	0	-72100	0
723	0	-72200	0
724	0	-72300	0
725	0	-72400	0
726	0	-72500	0
727	0	-72600	0
728	0	-72700	0
729	0	-72800	0
730	0	-72900	0
731	0	-73000	0
732	0	-73100	0
733	0	-73200	0
734	0	-73300	0
735	0	-73400	0
736	0	-73500	0
737	0	-73600	0
738	0	-73700	0
739	0	-73800	0
740	0	-73900	0
741	0	-74000	0
742	0	-74100	0
743	0	-74200	0
744	0	-74300	0
745	0	-74400	0
746	0	-74500	0
747	0	-74600	0
748	0	-74700	0
749	0	-74800	0
750	0	-74900	0
751	0	-75000	0
752	0	-75100	0
753	0	-75200	0
754	0	-75300	0
755	0	-75400	0
756	0	-75500	0
757	0	-75600	0
758	0	-75700	0
759	0	-75800	0
760	0	-75900	0
761	0	-76000	0
762	0	-76100	0
763	0	-76200	0
764	0	-76300	0
765	0	-76400	0
766	0	-76500	0
767	0	-76600	0
768	0	-76700	0
769	0	-76800	0
770	0	-76900	0
771	0	-77000	0
772	0	-77100	0
773	0	-77200	0
774	0	-77300	0
775	0	-77400	0
776	0	-77500	0
777	0	-77600	0
778	0	-77700	0
779	0	-77800	0
780	0	-77900	0
781	0	-78000	0
782	0	-78100	0
783	0	-78200	0
784	0	-78300	0
785	0	-78400	0
786	0	-78500	0
787	0	-78600	0
788	0	-78700	0
789	0	-78800	0
790	0	-78900	0
791	0	-79000	0
792	0	-79100	0
793	0	-79200	0
794	0	-79300	0
795	0	-79400	0
796	0	-79500	0
797	0	-79600	0
798	0	-79700	0
799	0	-79800	0
800	0	-79900	0
801	0	-80000	0
802	0	-80100	0
803	0	-80200	0
804	0	-80300	0
805	0	-80400	0
806	0	-80500	0
807	0	-80600	0
808	0	-80700	0
809	0	-80800	0
810	0	-80900	0
811	0	-81000	0
812	0	-81100	0
813	0	-81200	0
814	0	-81300	0
815	0	-81400	0
816	0	-81500	0
817	0	-81600	0
818	0	-81700	0
819	0	-81800	0
820	0	-81900	0
821	0	-82000	0
822	0	-82100	0
823	0	-82200	0
824	0	-82300	0
825	0	-82400	0
826	0	-82500	0
827	0	-82600	0
828	0	-82700	0
829	0	-82800	0
830	0	-82900	0
831	0	-83000	0
832	0	-83100	0
833	0	-83200	0
834	0	-83300	0
835	0	-83400	0
836	0	-83500	0
837	0	-83600	0
838	0	-83700	0
839	0	-83800	0
840	0	-83900	0
841	0	-84000	0
842	0	-84100	0
843	0	-84200	0
844	0	-84300	0
845	0	-84400	0
846	0	-84500	0
847	0	-84600	0
848	0	-84700	0
849	0	-84800	0
850	0	-84900	0
851	0	-85000	0
852	0	-85100	0
853	0	-85200	0
854	0	-85300	0
855	0	-85400	0
856	0	-85500	0
857	0	-85600	0
858	0	-85700	0
859	0	-85800	0
860	0	-85900	0
861	0	-86000	0
862	0	-86100	0
863	0	-86200	0
864	0	-86300	0
865	0	-86400	0
866	0	-86500	0
867	0	-86600	0
868	0	-86700	0
869	0	-86800	0
870	0	-86900	0
871	0	-87000	0
872	0	-87100	0
873	0	-87200	0
874	0	-87300	0
875	0	-87400	0
876	0	-87500	0
877	0	-87600	0
878	0	-87700	0
879	0	-87800	0
880	0	-87900	0
881	0	-88000	0
882	0	-88100	0
883	0	-88200	0
884	0	-88300	0
885	0	-88400	0
886	0	-88500	0
887	0	-88600	0
888	0	-88700	0
889	0	-88800	0
890	0	-88900	0
891	0	-89000	0
892	0	-89100	0
893	0	-89200	0
894	0	-89300	0
895	0	-89400	0
896	0	-89500	0
897	0	-89600	0
898	0	-89700	0
899	0	-89800	0
900	0	-89900	0
901	0	-90000	0
902	0	-90100	0
903	0	-90200	0
904	0	-90300	0
905	0	-90400	0
906	0	-90500	0
907	0	-90600	0
908	0	-90700	0
909	0	-90800	0
910	0	-90900	0
911	0	-91000	0
912	0	-91100	0
913	0	-91200	0
914	0	-91300	0
915	0	-91400	0
916	0	-91500	0
917	0	-91600	0
918	0	-91700	0
919	0	-91800	0
920	0	-91900	0
921	0	-92000	0
922	0	-92100	0
923	0	-92200	0
924	0	-92300	0
925	0	-92400	0
926	0	-92500	0
927	0	-92600	0
928	0	-92700	0
929	0	-92800	0
930	0	-92900	0
931	0	-93000	0
932	0	-93100	0
933	0	-93200	0
934	0	-93300	0
935	0	-93400	0
936	0	-93500	0
937	0	-93600	0
938	0	-93700	0
939	0	-93800	0
940	0	-93900	0
941	0	-94000	0
942	0	-94100	0
943	0	-94200	0
944	0	-94300	0
945	0	-94400	0
946	0	-94500	0
947	0	-94600	0
948	0	-94700	0
949	0	-94800	0
950	0	-94900	0
951	0	-95000	0
952	0	-95100	0
953	0	-95200	0
954	0	-95300	0
955	0	-95400	0
956	0	-95500	0
957	0	-95600	0
958	0	-95700	0
959	0	-95800	0
960	0	-95900	0
961	23172	-95900	0
962	23172	-95800	0
963	23172	-95700	0
964	23172	-95600	0
965	23172	-95500	0
966	23172	-95400	0
967	23172	-95300	0
968	23172	-95200	0
969	23172	-95100	0
970	23172	-95000	0
971	23172	-94900	0
972	23172	-94800	0
973	23172	-94700	0
974	23172	-94600	0
975	23172	-94500	0
976	23172	-94400	0
977	23172	-94300	0
978	23172	-94200	0
979	23172	-94100	0
980	23172	-94000	0
981	23172	-93900	0
982	23172	-93800	0
983	23172	-93700	0
984	23172	-93600	0
985	23172	-93500	0
986	23172	-93400	0
987	23172	-93300	0
988	23172	-93200	0
989	23172	-93100	0
990	23172	-93000	0
991	23172	-92900	0
992	23172	-92800	0
993	23172	-92700	0
994	23172	-92600	0
995	23172	-92500	0
996	23172	-92400	0
997	23172	-92300	0
998	23172	-92200	0
999	23172	-92100	0
1000	23172	-92000	0
1001	23172	-91900	0
1002	23172	-91800	0
1003	23172	-91700	0
1004	23172	-91600	0
1005	23172	-91500	0
1006	23172	-91400	0
1007	23172	-91300	0
1008	23172	-91200	0
1009	23172	-91100	0
1010	23172	-91000	0
1011	23172	-90900	0
1012	23172	-90800	0
1013	23172	-90700	0
1014	23172	-90600	0
1015	23172	-90500	0
1016	23172	-90400	0
1017	23172	-90300	0
1018	23172	-90200	0
1019	23172	-90100	0
1020	23172	-90000	0
1021	23172	-89900	0
1022	23172	-89800	0
1023	23172	-89700	0
1024	23172	-89600	0
1025	23172	-89500	0
1026	23172	-89400	0
1027	23172	-89300	0
1028	23172	-89200	0
1029	23172	-89100	0
1030	23172	-89000	0
1031	23172	-88900	0
1032	23172	-88800	0
1033	23172	-88700	0
1034	23172	-88600	0
1035	23172	-88500	0
1036	23172	-88400	0
1037	23172	-88300	0
1038	23172	-88200	0
1039	23172	-88100	0
1040	23172	-88000	0
1041	23172	-87900	0
1042	23172	-87800	0
1043	23172	-87700	0
1044	23172	-87600	0
1045	23172	-87500	0
1046	23172	-87400	0
1047	23172	-87300	0
1048	23172	-87200	0
1049	23172	-87100	0
1050	23172	-87000	0
1051	23172	-86900	0
1052	23172	-86800	0
1053	23172	-86700	0
1054	23172	-86600	0
1055	23172	-86500	0
1056	23172	-86400	0
1057	23172	-86300	0
1058	23172	-86200	0
1059	23172	-86100	0
1060	23172	-86000	0
1061	23172	-85900	0
1062	23172	-85800	0
1063	23172	-85700	0
1064	23172	-85600	0
1065	23172	-85500	0
1066	23172	-85400	0
1067	23172	-85300	0
1068	23172	-85200	0
1069	23172	-85100	0
1070	23172	-85000	0
1071	23172	-84900	0
1072	23172	-84800	0
1073	23172	-84700	0
1074	23172	-84600	0
1075	23172	-84500	0
1076	23172	-84400	0
1077	23172	-84300	0
1078	23172	-84200	0
1079	23172	-84100	0
1080	23172	-84000	0
1081	23172	-83900	0
1082	23172	-83800	0
1083	23172	-83700	0
1084	23172	-83600	0
1085	23172	-83500	0
1086	23172	-83400	0
1087	23172	-83300	0
1088	23172	-83200	0
1089	23172	-83100	0
1090	23172	-83000	0
1091	23172	-82900	0
1092	23172	-82800	0
1093	23172	-82700	0
1094	23172	-82600	0
1095	23172	-82500	0
1096	23172	-82400	0
1097	23172	-82300	0
1098	23172	-82200	0
1099	23172	-82100	0
1100	23172	-82000	0
1101	23172	-81900	0
1102	23172	-81800	0
1103	23172	-81700	0
1104	23172	-81600	0
1105	23172	-81500	0
1106	23172	-81400	0
1107	23172	-81300	0
1108	23172	-81200	0
1109	23172	-81100	0
1110	23172	-81000	0
1111	23172	-80900	0
1112	23172	-80800	0
1113	23172	-80700	0
1114	23172	-80600	0
1115	23172	-80500	0
1116	23172	-80400	0
1117	23172	-80300	0
1118	23172	-80200	0
1119	23172	-80100	0
1120	23172	-80000	0
1121	23172	-79900	0
1122	23172	-79800	0
1123	23172	-79700	0
1124	23172	-79600	0
1125	23172	-79500	0
1126	23172	-79400	0
1127	23172	-79300	0
1128	23172	-79200	0
1129	23172	-79100	0
1130	23172	-79000	0
1131	23172	-78900	0
1132	23172	-78800	0
1133	23172	-78700	0
1134	23172	-78600	0
1135	23172	-78500	0
1136	23172	-78400	0
1137	23172	-78300	0
1138	23172	-78200	0
1139	23172	-78100	0
1140	23172	-78000	0
1141	23172	-77900	0
1142	23172	-77800	0
1143	23172	-77700	0
1144	23172	-77600	0
1145	23172	-77500	0
1146	23172	-77400	0
1147	23172	-77300	0
1148	23172	-77200	0
1149	23172	-77100	0
1150	23172	-77000	0
1151	23172	-76900	0
1152	23172	-76800	0
1153	23172	-76700	0
1154	23172	-76600	0
1155	23172	-76500	0
1156	23172	-76400	0
1157	23172	-76300	0
1158	23172	-76200	0
1159	23172	-76100	0
1160	23172	-76000	0
1161	23172	-75900	0
1162	23172	-75800	0
1163	23172	-75700	0
1164	23172	-75600	0
1165	23172	-75500	0
1166	23172	-75400	0
1167	23172	-75300	0
1168	23172	-75200	0
1169	23172	-75100	0
1170	23172	-75000	0
1171	23172	-74900	0
1172	23172	-74800	0
1173	23172	-74700	0
1174	23172	-74600	0
1175	23172	-74500	0
1176	23172	-74400	0
1177	23172	-74300	0
1178	23172	-74200	0
1179	23172	-74100	0
1180	23172	-74000	0
1181	23172	-73900	0
1182	23172	-73800	0
1183	23172	-73700	0
1184	23172	-73600	0
1185	23172	-73500	0
1186	23172	-73400	0
1187	23172	-73300	0
1188	23172	-73200	0
1189	23172	-73100	0
1190	23172	-73000	0
1191	23172	-72900	0
1192	23172	-72800	0
1193	23172	-72700	0
1194	23172	-72600	0
1195	23172	-72500	0
1196	23172	-72400	0
1197	23172	-72300	0
1198	23172	-72200	0
1199	23172	-72100	0
1200	23172	-72000	0
1201	23172	-71900	0
1202	23172	-71800	0
1203	23172	-71700	0
1204	23172	-71600	0
1205	23172	-71500	0
1206	23172	-71400	0
1207	23172	-71300	0
1208	23172	-71200	0
1209	23172	-71100	0
1210	23172	-71000	0
1211	23172	-70900	0
1212	23172	-70800	0
1213	23172	-70700	0
1214	23172	-70600	0
1215	23172	-70500	0
1216	23172	-70400	0
1217	23172	-70300	0
1218	23172	-70200	0
1219	23172	-70100	0
1220	23172	-70000	0
1221	23172	-69900	0
1222	23172	-69800	0
1223	23172	-69700	0
1224	23172	-69600	0
1225	23172	-69500	0
1226	23172	-69400	0
1227	23172	-69300	0
1228	23172	-69200	0
1229	23172	-69100	0
1230	23172	-69000	0
1231	23172	-68900	0
1232	23172	-68800	0
1233	23172	-68700	0
1234	23172	-68600	0
1235	23172	-68500	0
1236	23172	-68400	0
1237	23172	-68300	0
1238	23172	-68200	0
1239	23172	-68100	0
1240	23172	-68000	0
1241	23172	-67900	0
1242	23172	-67800	0
1243	23172	-67700	0
1244	23172	-67600	0
1245	23172	-67500	0
1246	23172	-67400	0
1247	23172	-67300	0
1248	23172	-67200	0
1249	23172	-67100	0
1250	23172	-67000	0
1251	23172	-66900	0
1252	23172	-66800	0
1253	23172	-66700	0
1254	23172	-66600	0
1255	23172	-66500	0
1256	23172	-66400	0
1257	23172	-66300	0
1258	23172	-66200	0
1259	23172	-66100	0
1260	23172	-66000	0
1261	23172	-65900	0
1262	23172	-65800	0
1263	23172	-65700	0
1264	23172	-65600	0
1265	23172	-65500	0
1266	23172	-65400	0
1267	23172	-65300	0
1268	23172	-65200	0
1269	23172	-65100	0
1270	23172	-65000	0
1271	23172	-64900	0
1272	23172	-64800	0
1273	23172	-64700	0
1274	23172	-64600	0
1275	23172	-64500	0
1276	23172	-64400	0
1277	23172	-64300	0
1278	23172	-64200	0
1279	23172	-64100	0
1280	23172	-64000	0
1281	23172	-63900	0
1282	23172	-63800	0
1283	23172	-63700	0
1284	23172	-63600	0
1285	23172	-63500	0
1286	23172	-63400	0
1287	23172	-63300	0
1288	23172	-63200	0
1289	23172	-63100	0
1290	23172	-63000	0
1291	23172	-62900	0
1292	23172	-62800	0
1293	23172	-62700	0
1294	23172	-62600	0
1295	23172	-62500	0
1296	23172	-62400	0
1297	23172	-62300	0
1298	23172	-62200	0
1299	23172	-62100	0
1300	23172	-62000	0
1301	23172	-61900	0
1302	23172	-61800	0
1303	23172	-61700	0
1304	23172	-61600	0
1305	23172	-61500	0
1306	23172	-61400	0
1307	23172	-61300	0
1308	23172	-61200	0
1309	23172	-61100	0
1310	23172	-61000	0
1311	23172	-60900	0
1312	23172	-60800	0
1313	23172	-60700	0
1314	23172	-60600	0
1315	23172	-60500	0
1316	23172	-60400	0
1317	23172	-60300	0
1318	23172	-60200	0
1319	23172	-60100	0
1320	23172	-60000	0
1321	23172	-59900	0
1322	23172	-59800	0
1323	23172	-59700	0
1324	23172	-59600	0
1325	23172	-59500	0
1326	23172	-59400	0
1327	23172	-59300	0
1328	23172	-59200	0
1329	23172	-59100	0
1330	23172	-59000	0
1331	23172	-58900	0
1332	23172	-58800	0
1333	23172	-58700	0
1334	23172	-58600	0
1335	23172	-58500	0
1336	23172	-58400	0
1337	23172	-58300	0
1338	23172	-58200	0
1339	23172	-58100	0
1340	23172	-58000	0
1341	23172	-57900	0
1342	23172	-57800	0
1343	23172	-57700	0
1344	23172	-57600	0
1345	23172	-57500	0
1346	23172	-57400	0
1347	23172	-57300	0
1348	23172	-57200	0
1349	23172	-57100	0
1350	23172	-57000	0
1351	23172	-56900	0
1352	23172	-56800	0
1353	23172	-56700	0
1354	23172	-56600	0
1355	23172	-56500	0
1356	23172	-56400	0
1357	23172	-56300	0
1358	23172	-56200	0
1359	23172	-56100	0
1360	23172	-56000	0
1361	23172	-55900	0
1362	23172	-55800	0
1363	23172	-55700	0
1364	23172	-55600	0
1365	23172	-55500	0
1366	23172	-55400	0
1367	23172	-55300	0
1368	23172	-55200	0
1369	23172	-55100	0
1370	23172	-55000	0
1371	23172	-54900	0
1372	23172	-54800	0
1373	23172	-54700	0
1374	23172	-54600	0
1375	23172	-54500	0
1376	23172	-54400	0
1377	23172	-54300	0
1378	23172	-54200	0
1379	23172	-54100	0
1380	23172	-54000	0
1381	23172	-53900	0
1382	23172	-53800	0
1383	23172	-53700	0
1384	23172	-53600	0
1385	23172	-53500	0
1386	23172	-53400	0
1387	23172	-53300	0
1388	23172	-53200	0
1389	23172	-53100	0
1390	23172	-53000	0
1391	23172	-52900	0
1392	23172	-52800	0
1393	23172	-52700	0
1394	23172	-52600	0
1395	23172	-52500	0
1396	23172	-52400	0
1397	23172	-52300	0
1398	23172	-52200	0
1399	23172	-52100	0
1400	23172	-52000	0
1401	23172	-51900	0
1402	23172	-51800	0
1403	23172	-51700	0
1404	23172	-51600	0
1405	23172	-51500	0
1406	23172	-51400	0
1407	23172	-51300	0
1408	23172	-51200	0
1409	23172	-51100	0
1410	23172	-51000	0
1411	23172	-50900	0
1412	23172	-50800	0
1413	23172	-50700	0
1414	23172	-50600	0
1415	23172	-50500	0
1416	23172	-50400	0
1417	23172	-50300	0
1418	23172	-50200	0
1419	23172	-50100	0
1420	23172	-50000	0
1421	23172	-49900	0
1422	23172	-49800	0
1423	23172	-49700	0
1424	23172	-49600	0
1425	23172	-49500	0
1426	23172	-49400	0
1427	23172	-49300	0
1428	23172	-49200	0
1429	23172	-49100	0
1430	23172	-49000	0
1431	23172	-48900	0
1432	23172	-48800	0
1433	23172	-48700	0
1434	23172	-48600	0
1435	23172	-48500	0
1436	23172	-48400	0
1437	23172	-48300	0
1438	23172	-48200	0
1439	23172	-48100	0
1440	23172	-48000	0
1441	23172	-47900	0
1442	23172	-47800	0
1443	23172	-47700	0
1444	23172	-47600	0
1445	23172	-47500	0
1446	23172	-47400	0
1447	23172	-47300	0
1448	23172	-47200	0
1449	23172	-47100	0
1450	23172	-47000	0
1451	23172	-46900	0
1452	23172	-46800	0
1453	23172	-46700	0
1454	23172	-46600	0
1455	23172	-46500	0
1456	23172	-46400	0
1457	23172	-46300	0
1458	23172	-46200	0
1459	23172	-46100	0
1460	23172	-46000	0
1461	23172	-45900	0
1462	23172	-45800	0
1463	23172	-45700	0
1464	23172	-45600	0
1465	23172	-45500	0
1466	23172	-45400	0
1467	23172	-45300	0
1468	23172	-45200	0
1469	23172	-45100	0
1470	23172	-45000	0
1471	23172	-44900	0
1472	23172	-44800	0
1473	23172	-44700	0
1474	23172	-44600	0
1475	23172	-44500	0
1476	23172	-44400	0
1477	23172	-44300	0
1478	23172	-44200	0
1479	23172	-44100	0
1480	23172	-44000	0
1481	23172	-43900	0
1482	23172	-43800	0
1483	23172	-43700	0
1484	23172	-43600	0
1485	23172	-43500	0
1486	23172	-43400	0
1487	23172	-43300	0
1488	23172	-43200	0
1489	23172	-43100	0
1490	23172	-43000	0
1491	23172	-42900	0
1492	23172	-42800	0
1493	23172	-42700	0
1494	23172	-42600	0
1495	23172	-42500	0
1496	23172	-42400	0
1497	23172	-42300	0
1498	23172	-42200	0
1499	23172	-42100	0
1500	23172	-42000	0
1501	23172	-41900	0
1502	23172	-41800	0
1503	23172	-41700	0
1504	23172	-41600	0
1505	23172	-41500	0
1506	23172	-41400	0
1507	23172	-41300	0
1508	23172	-41200	0
1509	23172	-41100	0
1510	23172	-41000	0
1511	23172	-40900	0
1512	23172	-40800	0
1513	23172	-40700	0
1514	23172	-40600	0
1515	23172	-40500	0
1516	23172	-40400	0
1517	23172	-40300	0
1518	23172	-40200	0
1519	23172	-40100	0
1520	23172	-40000	0
1521	23172	-39900	0
1522	23172	-39800	0
1523	23172	-39700	0
1524	23172	-39600	0
1525	23172	-39500	0
1526	23172	-39400	0
1527	23172	-39300	0
1528	23172	-39200	0
1529	23172	-39100	0
1530	23172	-39000	0
1531	23172	-38900	0
1532	23172	-38800	0
1533	23172	-38700	0
1534	23172	-38600	0
1535	23172	-38500	0
1536	23172	-38400	0
1537	23172	-38300	0
1538	23172	-38200	0
1539	23172	-38100	0
1540	23172	-38000	0
1541	23172	-37900	0
1542	23172	-37800	0
1543	23172	-37700	0
1544	23172	-37600	0
1545	23172	-37500	0
1546	23172	-37400	0
1547	23172	-37300	0
1548	23172	-37200	0
1549	23172	-37100	0
1550	23172	-37000	0
1551	23172	-36900	0
1552	23172	-36800	0
1553	23172	-36700	0
1554	23172	-36600	0
1555	23172	-36500	0
1556	23172	-36400	0
1557	23172	-36300	0
1558	23172	-36200	0
1559	23172	-36100	0
1560	23172	-36000	0
1561	23172	-35900	0
1562	23172	-35800	0
1563	23172	-35700	0
1564	23172	-35600	0
1565	23172	-35500	0
1566	23172	-35400	0
1567	23172	-35300	0
1568	23172	-35200	0
1569	23172	-35100	0
1570	23172	-35000	0
1571	23172	-34900	0
1572	23172	-34800	0
1573	23172	-34700	0
1574	23172	-34600	0
1575	23172	-34500	0
1576	23172	-34400	0
1577	23172	-34300	0
1578	23172	-34200	0
1579	23172	-34100	0
1580	23172	-34000	0
1581	23172	-33900	0
1582	23172	-33800	0
1583	23172	-33700	0
1584	23172	-33600	0
1585	23172	-33500	0
1586	23172	-33400	0
1587	23172	-33300	0
1588	23172	-33200	0
1589	23172	-33100	0
1590	23172	-33000	0
1591	23172	-32900	0
1592	23172	-32800	0
1593	23172	-32700	0
1594	23172	-32600	0
1595	23172	-32500	0
1596	23172	-32400	0
1597	23172	-32300	0
1598	23172	-32200	0
1599	23172	-32100	0
1600	23172	-32000	0
1601	23172	-31900	0
1602	23172	-31800	0
1603	23172	-31700	0
1604	23172	-31600	0
1605	23172	-31500	0
1606	23172	-31400	0
1607	23172	-31300	0
1608	23172	-31200	0
1609	23172	-31100	0
1610	23172	-31000	0
1611	23172	-30900	0
1612	23172	-30800	0
1613	23172	-30700	0
1614	23172	-30600	0
1615	23172	-30500	0
1616	23172	-30400	0
1617	23172	-30300	0
1618	23172	-30200	0
1619	23172	-30100	0
1620	23172	-30000	0
1621	23172	-29900	0
1622	23172	-29800	0
1623	23172	-29700	0
1624	23172	-29600	0
1625	23172	-29500	0
1626	23172	-29400	0
1627	23172	-29300	0
1628	23172	-29200	0
1629	23172	-29100	0
1630	23172	-29000	0
1631	23172	-28900	0
1632	23172	-28800	0
1633	23172	-28700	0
1634	23172	-28600	0
1635	23172	-28500	0
1636	23172	-28400	0
1637	23172	-28300	0
1638	23172	-28200	0
1639	23172	-28100	0
1640	23172	-28000	0
1641	23172	-27900	0
1642	23172	-27800	0
1643	23172	-27700	0
1644	23172	-27600	0
1645	23172	-27500	0
1646	23172	-27400	0
1647	23172	-27300	0
1648	23172	-27200	0
1649	23172	-27100	0
1650	23172	-27000	0
1651	23172	-26900	0
1652	23172	-26800	0
1653	23172	-26700	0
1654	23172	-26600	0
1655	23172	-26500	0
1656	23172	-26400	0
1657	23172	-26300	0
1658	23172	-26200	0
1659	23172	-26100	0
1660	23172	-26000	0
1661	23172	-25900	0
1662	23172	-25800	0
1663	23172	-25700	0
1664	23172	-25600	0
1665	23172	-25500	0
1666	23172	-25400	0
1667	23172	-25300	0
1668	23172	-25200	0
1669	23172	-25100	0
1670	23172	-25000	0
1671	23172	-24900	0
1672	23172	-24800	0
1673	23172	-24700	0
1674	23172	-24600	0
1675	23172	-24500	0
1676	23172	-24400	0
1677	23172	-24300	0
1678	23172	-24200	0
1679	23172	-24100	0
1680	23172	-24000	0
1681	23172	-23900	0
1682	23172	-23800	0
1683	23172	-23700	0
1684	23172	-23600	0
1685	23172	-23500	0
1686	23172	-23400	0
1687	23172	-23300	0
1688	23172	-23200	0
1689	23172	-23100	0
1690	23172	-23000	0
1691	23172	-22900	0
1692	23172	-22800	0
1693	23172	-22700	0
1694	23172	-22600	0
1695	23172	-22500	0
1696	23172	-22400	0
1697	23172	-22300	0
1698	23172	-22200	0
1699	23172	-22100	0
1700	23172	-22000	0
1701	23172	-21900	0
1702	23172	-21800	0
1703	23172	-21700	0
1704	23172	-21600	0
1705	23172	-21500	0
1706	23172	-21400	0
1707	23172	-21300	0
1708	23172	-21200	0
1709	23172	-21100	0
1710	23172	-21000	0
1711	23172	-20900	0
1712	23172	-20800	0
1713	23172	-20700	0
1714	23172	-20600	0
1715	23172	-20500	0
1716	23172	-20400	0
1717	23172	-20300	0
1718	23172	-20200	0
1719	23172	-20100	0
1720	23172	-20000	0
1721	23172	-19900	0
1722	23172	-19800	0
1723	23172	-19700	0
1724	23172	-19600	0
1725	23172	-19500	0
1726	23172	-19400	0
1727	23172	-19300	0
1728	23172	-19200	0
1729	23172	-19100	0
1730	23172	-19000	0
1731	23172	-18900	0
1732	23172	-18800	0
1733	23172	-18700	0
1734	23172	-18600	0
1735	23172	-18500	0
1736	23172	-18400	0
1737	23172	-18300	0
1738	23172	-18200	0
1739	23172	-18100	0
1740	23172	-18000	0
1741	23172	-17900	0
1742	23172	-17800	0
1743	23172	-17700	0
1744	23172	-17600	0
1745	23172	-17500	0
1746	23172	-17400	0
1747	23172	-17300	0
1748	23172	-17200	0
1749	23172	-17100	0
1750	23172	-17000	0
1751	23172	-16900	0
1752	23172	-16800	0
1753	23172	-16700	0
1754	23172	-16600	0
1755	23172	-16500	0
1756	23172	-16400	0
1757	23172	-16300	0
1758	23172	-16200	0
1759	23172	-16100	0
1760	23172	-16000	0
1761	23172	-15900	0
1762	23172	-15800	0
1763	23172	-15700	0
1764	23172	-15600	0
1765	23172	-15500	0
1766	23172	-15400	0
1767	23172	-15300	0
1768	23172	-15200	0
1769	23172	-15100	0
1770	23172	-15000	0
1771	23172	-14900	0
1772	23172	-14800	0
1773	23172	-14700	0
1774	23172	-14600	0
1775	23172	-14500	0
1776	23172	-14400	0
1777	23172	-14300	0
1778	23172	-14200	0
1779	23172	-14100	0
1780	23172	-14000	0
1781	23172	-13900	0
1782	23172	-13800	0
1783	23172	-13700	0
1784	23172	-13600	0
1785	23172	-13500	0
1786	23172	-13400	0
1787	23172	-13300	0
1788	23172	-13200	0
1789	23172	-13100	0
1790	23172	-13000	0
1791	23172	-12900	0
1792	23172	-12800	0
1793	23172	-12700	0
1794	23172	-12600	0
1795	23172	-12500	0
1796	23172	-12400	0
1797	23172	-12300	0
1798	23172	-12200	0
1799	23172	-12100	0
1800	23172	-12000	0
1801	23172	-11900	0
1802	23172	-11800	0
1803	23172	-11700	0
1804	23172	-11600	0
1805	23172	-11500	0
1806	23172	-11400	0
1807	23172	-11300	0
1808	23172	-11200	0
1809	23172	-11100	0
1810	23172	-11000	0
1811	23172	-10900	0
1812	23172	-10800	0
1813	23172	-10700	0
1814	23172	-10600	0
1815	23172	-10500	0
1816	23172	-10400	0
1817	23172	-10300	0
1818	23172	-10200	0
1819	23172	-10100	0
1820	23172	-10000	0
1821	23172	-9900	0
1822	23172	-9800	0
1823	23172	-9700	0
1824	23172	-9600	0
1825	23172	-9500	0
1826	23172	-9400	0
1827	23172	-9300	0
1828	23172	-9200	0
1829	23172	-9100	0
1830	23172	-9000	0
1831	23172	-8900	0
1832	23172	-8800	0
1833	23172	-8700	0
1834	23172	-8600	0
1835	23172	-8500	0
1836	23172	-8400	0
1837	23172	-8300	0
1838	23172	-8200	0
1839	23172	-8100	0
1840	23172	-8000	0
1841	23172	-7900	0
1842	23172	-7800	0
1843	23172	-7700	0
1844	23172	-7600	0
1845	23172	-7500	0
1846	23172	-7400	0
1847	23172	-7300	0
1848	23172	-7200	0
1849	23172	-7100	0
1850	23172	-7000	0
1851	23172	-6900	0
1852	23172	-6800	0
1853	23172	-6700	0
1854	23172	-6600	0
1855	23172	-6500	0
1856	23172	-6400	0
1857	23172	-6300	0
1858	23172	-6200	0
1859	23172	-6100	0
1860	23172	-6000	0
1861	23172	-5900	0
1862	23172	-5800	0
1863	23172	-5700	0
1864	23172	-5600	0
1865	23172	-5500	0
1866	23172	-5400	0
1867	23172	-5300	0
1868	23172	-5200	0
1869	23172	-5100	0
1870	23172	-5000	0
1871	23172	-4900	0
1872	23172	-4800	0
1873	23172	-4700	0
1874	23172	-4600	0
1875	23172	-4500	0
1876	23172	-4400	0
1877	23172	-4300	0
1878	23172	-4200	0
1879	23172	-4100	0
1880	23172	-4000	0
1881	23172	-3900	0
1882	23172	-3800	0
1883	23172	-3700	0
1884	23172	-3600	0
1885	23172	-3500	0
1886	23172	-3400	0
1887	23172	-3300	0
1888	23172	-3200	0
1889	23172	-3100	0
1890	23172	-3000	0
1891	23172	-2900	0
1892	23172	-2800	0
1893	23172	-2700	0
1894	23172	-2600	0
1895	23172	-2500	0
1896	23172	-2400	0
1897	23172	-2300	0
1898	23172	-2200	0
1899	23172	-2100	0
1900	23172	-2000	0
1901	23172	-1900	0
1902	23172	-1800	0
1903	23172	-1700	0
1904	23172	-1600	0
1905	23172	-1500	0
1906	23172	-1400	0
1907	23172	-1300	0
1908	23172	-1200	0
1909	23172	-1100	0
1910	23172	-1000	0
1911	23172	-900	0
1912	23172	-800	0
1913	23172	-700	0
1914	23172	-600	0
1915	23172	-500	0
1916	23172	-400	0
1917	23172	-300	0
1918	23172	-200	0
1919	23172	-100	0
1920	23172	0	0
